Time,AI,AF,AD,AL,AA,BD,BC,AM,AN,AY,AZ,AC,AK,AH,AT,AS,AR,AQ,AG,BB,BA,AO,AP,AV,AU,AX,AW
0,0,0,0,0,0,0,0,0.5,0.5,0,0,0,0,0,0,0,0,0,0,0,0,0,0,0,0,0,0
0.004,3.85E-17,2.15E-13,1.04E-10,1.25E-07,5.10E-05,7.79E-04,7.79E-04,4.95E-01,4.95E-01,3.59E-03,3.59E-03,1.19E-05,4.37E-08,1.81E-11,5.93E-06,5.93E-06,2.21E-08,2.21E-08,1.82E-11,7.79E-04,7.79E-04,2.55E-05,2.55E-05,1.39E-08,1.39E-08,6.89E-08,6.89345E-08
0.008,3.83E-15,7.10E-12,1.60E-09,9.60E-07,0.000194292,0.001456735,0.001456735,0.4897595,0.4897595,0.00708465,0.00708465,4.69E-05,3.45E-07,2.82E-10,2.34E-05,2.34E-05,1.76E-07,1.76E-07,2.86E-10,1.46E-03,1.46E-03,9.70E-05,9.70E-05,1.04E-07,1.04E-07,5.31E-07,5.311E-07
0.012,4.30E-14,5.25E-11,7.85E-09,3.12E-06,0.000417021,0.002045125,0.002045125,0.484904,0.484904,0.01048055,0.01048055,0.000103971,1.15E-06,1.40E-09,5.18E-05,5.18E-05,5.89E-07,5.89E-07,1.43E-09,2.05E-03,2.05E-03,2.08E-04,2.08E-04,3.28E-07,3.28E-07,1.73E-06,1.72713E-06
0.016,2.34E-13,2.15E-10,2.40E-08,7.10E-06,0.000707801,0.00255543,0.00255543,0.4802065,0.4802065,0.01378285,0.01378285,0.000182272,2.69E-06,4.32E-09,9.08E-05,9.08E-05,1.39E-06,1.39E-06,4.43E-09,2.56E-03,2.56E-03,3.53E-04,3.53E-04,7.28E-07,7.28E-07,3.95E-06,3.94681E-06
0.02,8.64E-13,6.37E-10,5.66E-08,1.34E-05,0.00105671,0.00299734,0.00299734,0.475655,0.475655,0.01699425,0.01699425,0.000280866,5.19E-06,1.03E-08,1.40E-04,1.40E-04,2.69E-06,2.69E-06,1.06E-08,3.00E-03,3.00E-03,5.27E-04,5.27E-04,1.33E-06,1.33E-06,7.44E-06,7.4355E-06
0.024,2.49E-12,1.54E-09,1.14E-07,2.22E-05,0.00145509,0.00337934,0.00337934,0.4712385,0.4712385,0.02011755,0.02011755,0.000398884,8.86E-06,2.09E-08,1.98E-04,1.98E-04,4.62E-06,4.62E-06,2.16E-08,3.38E-03,3.38E-03,7.25E-04,7.25E-04,2.16E-06,2.16E-06,1.24E-05,1.23998E-05
0.028,6.08E-12,3.23E-09,2.03E-07,3.40E-05,0.00189537,0.003708885,0.003708885,0.466948,0.466948,0.0231552,0.0231552,0.000535487,1.39E-05,3.78E-08,2.66E-04,2.66E-04,7.28E-06,7.28E-06,3.94E-08,3.71E-03,3.71E-03,9.44E-04,9.44E-04,3.22E-06,3.22E-06,1.90E-05,1.90123E-05
0.032,1.31E-11,6.12E-09,3.36E-07,4.89E-05,0.00237092,0.003992505,0.003992505,0.4627745,0.4627745,0.0261097,0.0261097,0.000689867,2.05E-05,6.31E-08,3.42E-04,3.42E-04,1.08E-05,1.08E-05,6.59E-08,3.99E-03,3.99E-03,1.18E-03,1.18E-03,4.51E-06,4.51E-06,2.74E-05,2.74161E-05
0.036,2.57E-11,1.07E-08,5.21E-07,6.72E-05,0.002876,0.00423593,0.00423593,0.458711,0.458711,0.0289833,0.0289833,0.000861245,2.88E-05,9.88E-08,4.27E-04,4.27E-04,1.52E-05,1.52E-05,1.04E-07,4.24E-03,4.24E-03,1.43E-03,1.43E-03,6.04E-06,6.04E-06,3.77E-05,3.77283E-05
0.04,4.67E-11,1.76E-08,7.70E-07,8.90E-05,0.00340557,0.00444418,0.00444418,0.45475,0.45475,0.0317783,0.0317783,0.00104887,3.90E-05,1.47E-07,5.19E-04,5.19E-04,2.07E-05,2.07E-05,1.55E-07,4.44E-03,4.44E-03,1.69E-03,1.69E-03,7.79E-06,7.79E-06,5.00E-05,0.000050044
0.044,8.00E-11,2.76E-08,1.09E-06,0.000114332,0.00395525,0.004621665,0.004621665,0.4508855,0.4508855,0.0344968,0.0344968,0.00125201,5.13E-05,2.11E-07,6.19E-04,6.19E-04,2.72E-05,2.72E-05,2.23E-07,4.62E-03,4.62E-03,1.97E-03,1.97E-03,9.76E-06,9.76E-06,6.44E-05,6.44375E-05
0.048,1.30E-10,4.15E-08,1.50E-06,0.000143366,0.00452122,0.00477225,0.00477225,0.4471125,0.4471125,0.03714095,0.03714095,0.00146997,6.58E-05,2.92E-07,7.26E-04,7.26E-04,3.50E-05,3.50E-05,3.09E-07,4.77E-03,4.77E-03,2.25E-03,2.25E-03,1.19E-05,1.19E-05,8.10E-05,0.000080968
0.052,2.04E-10,6.03E-08,2.00E-06,0.000176132,0.00510016,0.00489932,0.00489932,0.443425,0.443425,0.0397126,0.0397126,0.00170207,8.26E-05,3.94E-07,8.40E-04,8.40E-04,4.41E-05,4.41E-05,4.18E-07,4.90E-03,4.90E-03,2.53E-03,2.53E-03,1.43E-05,1.43E-05,9.97E-05,0.000099678
0.056,3.08E-10,8.50E-08,2.61E-06,0.00021266,0.00568921,0.00500585,0.00500585,0.4398195,0.4398195,0.04221375,0.04221375,0.00194767,0.000101885,5.18E-07,9.61E-04,9.61E-04,5.45E-05,5.45E-05,5.51E-07,5.01E-03,5.01E-03,2.82E-03,2.82E-03,1.69E-05,1.69E-05,1.21E-04,0.000120598
0.06,4.51E-10,1.17E-07,3.34E-06,0.000252961,0.00628585,0.00509445,0.00509445,0.4362915,0.4362915,0.04464625,0.04464625,0.00220611,0.000123789,6.69E-07,1.09E-03,1.09E-03,6.63E-05,6.63E-05,7.12E-07,5.09E-03,5.09E-03,3.12E-03,3.12E-03,1.96E-05,1.96E-05,1.44E-04,0.000143747
0.064,6.44E-10,1.57E-07,4.19E-06,0.000297028,0.00688791,0.00516735,0.00516735,0.4328375,0.4328375,0.0470119,0.0470119,0.00247681,0.000148412,8.47E-07,1.22E-03,1.22E-03,7.96E-05,7.96E-05,9.04E-07,5.17E-03,5.17E-03,3.42E-03,3.42E-03,2.25E-05,2.25E-05,1.69E-04,0.000169135
0.068,8.97E-10,2.07E-07,5.19E-06,0.000344841,0.00749353,0.00522665,0.00522665,0.429454,0.429454,0.0493124,0.0493124,0.00275917,0.000175861,1.06E-06,1.36E-03,1.36E-03,9.45E-05,9.45E-05,1.13E-06,5.23E-03,5.23E-03,3.72E-03,3.72E-03,2.55E-05,2.55E-05,1.97E-04,0.000196763
0.072,1.22E-09,2.68E-07,6.33E-06,0.000396367,0.00810108,0.005274,0.005274,0.426138,0.426138,0.0515495,0.0515495,0.00305263,0.00020624,1.30E-06,1.50E-03,1.50E-03,1.11E-04,1.11E-04,1.39E-06,5.27E-03,5.27E-03,4.02E-03,4.02E-03,2.87E-05,2.87E-05,2.27E-04,0.000226625
0.076,1.64E-09,3.42E-07,7.64E-06,0.000451561,0.00870917,0.005311,0.005311,0.422886,0.422886,0.0537245,0.0537245,0.00335663,0.000239642,1.58E-06,1.65E-03,1.65E-03,1.29E-04,1.29E-04,1.69E-06,5.31E-03,5.31E-03,4.32E-03,4.32E-03,3.19E-05,3.19E-05,2.59E-04,0.000258708
0.08,2.16E-09,4.31E-07,9.11E-06,0.000510372,0.00931659,0.00533895,0.00533895,0.4196965,0.4196965,0.0558395,0.0558395,0.00367064,0.000276155,1.90E-06,1.80E-03,1.80E-03,1.49E-04,1.49E-04,2.04E-06,5.34E-03,5.34E-03,4.61E-03,4.61E-03,3.53E-05,3.53E-05,2.93E-04,0.000292996
0.084,2.81E-09,5.36E-07,1.08E-05,0.00057274,0.00992232,0.0053591,0.0053591,0.4165665,0.4165665,0.0578955,0.0578955,0.00399417,0.000315863,2.26E-06,1.96E-03,1.96E-03,1.70E-04,1.70E-04,2.42E-06,5.36E-03,5.36E-03,4.91E-03,4.91E-03,3.88E-05,3.88E-05,3.29E-04,0.000329466
0.088,3.60E-09,6.60E-07,1.26E-05,0.0006386,0.0105255,0.00537245,0.00537245,0.413494,0.413494,0.0598945,0.0598945,0.00432671,0.000358839,2.66E-06,2.12E-03,2.12E-03,1.93E-04,1.93E-04,2.86E-06,5.37E-03,5.37E-03,5.21E-03,5.21E-03,4.23E-05,4.23E-05,3.68E-04,0.000368092
0.092,4.56E-09,8.03E-07,1.46E-05,0.000707881,0.0111253,0.00537985,0.00537985,0.410477,0.410477,0.0618375,0.0618375,0.00466778,0.000405156,3.12E-06,2.29E-03,2.29E-03,2.18E-04,2.18E-04,3.35E-06,5.38E-03,5.38E-03,5.50E-03,5.50E-03,4.60E-05,4.60E-05,4.09E-04,0.000408845
0.096,5.71E-09,9.69E-07,1.69E-05,0.000780509,0.0117212,0.00538215,0.00538215,0.407513,0.407513,0.063726,0.063726,0.00501694,0.000454876,3.62E-06,2.45E-03,2.45E-03,2.45E-04,2.45E-04,3.89E-06,5.38E-03,5.38E-03,5.80E-03,5.80E-03,4.96E-05,4.96E-05,4.52E-04,0.000451692
0.1,7.07E-09,1.16E-06,1.93E-05,0.000856406,0.0123126,0.00538005,0.00538005,0.404601,0.404601,0.0655615,0.0655615,0.00537373,0.00050806,4.17E-06,2.63E-03,2.63E-03,2.74E-04,2.74E-04,4.49E-06,5.38E-03,5.38E-03,6.09E-03,6.09E-03,5.34E-05,5.34E-05,4.97E-04,0.000496601
0.104,8.68E-09,1.38E-06,2.20E-05,0.000935492,0.012899,0.00537415,0.00537415,0.4017395,0.4017395,0.067345,0.067345,0.00573772,0.00056476,4.78E-06,2.80E-03,2.80E-03,3.04E-04,3.04E-04,5.15E-06,5.37E-03,5.37E-03,6.37E-03,6.37E-03,5.72E-05,5.72E-05,5.44E-04,0.000543535
0.108,1.06E-08,1.62E-06,2.49E-05,0.00101769,0.0134802,0.005365,0.005365,0.398926,0.398926,0.069078,0.069078,0.00610852,0.000625027,5.45E-06,2.98E-03,2.98E-03,3.37E-04,3.37E-04,5.86E-06,5.36E-03,5.36E-03,6.66E-03,6.66E-03,6.10E-05,6.10E-05,5.92E-04,0.000592455
0.112,1.28E-08,1.90E-06,2.81E-05,0.00110291,0.0140557,0.005353,0.005353,0.39616,0.39616,0.070762,0.070762,0.0064857,0.000688904,6.17E-06,3.16E-03,3.16E-03,3.71E-04,3.71E-04,6.64E-06,5.35E-03,5.35E-03,6.94E-03,6.94E-03,6.49E-05,6.49E-05,6.43E-04,0.00064332
0.116,1.53E-08,2.21E-06,3.14E-05,0.00119106,0.0146253,0.0053386,0.0053386,0.3934395,0.3934395,0.072398,0.072398,0.00686891,0.00075643,6.96E-06,3.35E-03,3.35E-03,4.07E-04,4.07E-04,7.49E-06,5.34E-03,5.34E-03,7.22E-03,7.22E-03,6.88E-05,6.88E-05,6.96E-04,0.0006961
0.12,1.82E-08,2.55E-06,3.51E-05,0.00128208,0.0151889,0.00532215,0.00532215,0.3907635,0.3907635,0.073987,0.073987,0.00725775,0.000827642,7.80E-06,3.53E-03,3.53E-03,4.46E-04,4.46E-04,8.41E-06,5.32E-03,5.32E-03,7.50E-03,7.50E-03,7.27E-05,7.27E-05,7.51E-04,0.00075074
0.124,2.15E-08,2.94E-06,3.90E-05,0.00137587,0.0157463,0.00530395,0.00530395,0.3881305,0.3881305,0.0755305,0.0755305,0.00765188,0.000902571,8.72E-06,3.72E-03,3.72E-03,4.86E-04,4.86E-04,9.39E-06,5.30E-03,5.30E-03,7.77E-03,7.77E-03,7.67E-05,7.67E-05,8.07E-04,0.00080721
0.128,2.53E-08,3.36E-06,4.31E-05,0.00147234,0.0162973,0.0052843,0.0052843,0.38554,0.38554,0.0770295,0.0770295,0.00805094,0.000981243,9.70E-06,3.92E-03,3.92E-03,5.28E-04,5.28E-04,1.04E-05,5.28E-03,5.28E-03,8.04E-03,8.04E-03,8.06E-05,8.06E-05,8.65E-04,0.00086546
0.132,2.95E-08,3.83E-06,4.75E-05,0.00157142,0.0168419,0.0052634,0.0052634,0.38299,0.38299,0.0784845,0.0784845,0.00845462,0.00106368,1.08E-05,4.11E-03,4.11E-03,5.72E-04,5.72E-04,1.16E-05,5.26E-03,5.26E-03,8.31E-03,8.31E-03,8.46E-05,8.46E-05,9.25E-04,0.000925455
0.136,3.43E-08,4.35E-06,5.22E-05,0.00167303,0.01738,0.0052415,0.0052415,0.3804805,0.3804805,0.0798975,0.0798975,0.00886258,0.00114991,1.19E-05,4.30E-03,4.30E-03,6.18E-04,6.18E-04,1.28E-05,5.24E-03,5.24E-03,8.57E-03,8.57E-03,8.86E-05,8.86E-05,9.87E-04,0.000987155
0.14,3.96E-08,4.91E-06,5.72E-05,0.00177707,0.0179115,0.0052187,0.0052187,0.3780095,0.3780095,0.0812695,0.0812695,0.00927452,0.00123994,1.31E-05,4.50E-03,4.50E-03,6.66E-04,6.66E-04,1.41E-05,5.22E-03,5.22E-03,8.83E-03,8.83E-03,9.26E-05,9.26E-05,1.05E-03,0.001050505
0.144,4.56E-08,5.53E-06,6.24E-05,0.00188347,0.0184366,0.00519525,0.00519525,0.3755765,0.3755765,0.0826005,0.0826005,0.00969015,0.00133378,1.43E-05,4.70E-03,4.70E-03,7.16E-04,7.16E-04,1.54E-05,5.19E-03,5.19E-03,9.09E-03,9.09E-03,9.65E-05,9.65E-05,1.12E-03,0.001115475
0.148,5.23E-08,6.19E-06,6.79E-05,0.00199215,0.0189551,0.00517125,0.00517125,0.3731805,0.3731805,0.0838925,0.0838925,0.0101092,0.00143145,1.57E-05,4.90E-03,4.90E-03,7.67E-04,7.67E-04,1.69E-05,5.17E-03,5.17E-03,9.34E-03,9.34E-03,1.01E-04,1.01E-04,1.18E-03,0.00118202
0.152,5.96E-08,6.92E-06,7.37E-05,0.00210303,0.0194671,0.00514685,0.00514685,0.370821,0.370821,0.085146,0.085146,0.0105313,0.00153295,1.71E-05,5.10E-03,5.10E-03,8.21E-04,8.21E-04,1.84E-05,5.15E-03,5.15E-03,9.59E-03,9.59E-03,1.05E-04,1.05E-04,1.25E-03,0.0012501
0.156,6.77E-08,7.70E-06,7.98E-05,0.00221603,0.0199726,0.00512205,0.00512205,0.3684965,0.3684965,0.0863615,0.0863615,0.0109563,0.00163829,1.86E-05,5.30E-03,5.30E-03,8.77E-04,8.77E-04,2.00E-05,5.12E-03,5.12E-03,9.84E-03,9.84E-03,1.08E-04,1.08E-04,1.32E-03,0.00131967
0.16,7.67E-08,8.55E-06,8.62E-05,0.00233108,0.0204717,0.00509705,0.00509705,0.366207,0.366207,0.087541,0.087541,0.0113839,0.00174746,2.02E-05,5.51E-03,5.51E-03,9.35E-04,9.35E-04,2.17E-05,5.10E-03,5.10E-03,1.01E-02,1.01E-02,1.12E-04,1.12E-04,1.39E-03,0.00139069
0.164,8.65E-08,9.46E-06,9.29E-05,0.0024481,0.0209644,0.0050719,0.0050719,0.3639505,0.3639505,0.088685,0.088685,0.0118138,0.00186047,2.19E-05,5.71E-03,5.71E-03,9.94E-04,9.94E-04,2.35E-05,5.07E-03,5.07E-03,1.03E-02,1.03E-02,1.16E-04,1.16E-04,1.46E-03,0.00146312
0.168,9.72E-08,1.04E-05,9.99E-05,0.00256701,0.0214508,0.00504665,0.00504665,0.3617275,0.3617275,0.089794,0.089794,0.0122459,0.0019773,2.36E-05,5.92E-03,5.92E-03,1.06E-03,1.06E-03,2.53E-05,5.05E-03,5.05E-03,1.06E-02,1.06E-02,1.20E-04,1.20E-04,1.54E-03,0.001536925
0.172,1.09E-07,1.15E-05,0.00010717,0.00268776,0.0219309,0.00502135,0.00502135,0.3595365,0.3595365,0.090869,0.090869,0.0126798,0.00209796,2.54E-05,6.12E-03,6.12E-03,1.12E-03,1.12E-03,2.73E-05,5.02E-03,5.02E-03,1.08E-02,1.08E-02,1.24E-04,1.24E-04,1.61E-03,0.001612055
0.176,1.22E-07,1.26E-05,0.000114762,0.00281027,0.0224049,0.004996045,0.004996045,0.357377,0.357377,0.091911,0.091911,0.0131154,0.00222243,2.73E-05,6.33E-03,6.33E-03,1.18E-03,1.18E-03,2.93E-05,4.99E-03,4.99E-03,1.10E-02,1.10E-02,1.28E-04,1.28E-04,1.69E-03,0.001688485
0.18,1.35E-07,1.38E-05,0.00012266,0.00293446,0.0228727,0.004970805,0.004970805,0.3552485,0.3552485,0.0929205,0.0929205,0.0135525,0.00235071,2.93E-05,6.54E-03,6.54E-03,1.25E-03,1.25E-03,3.14E-05,4.97E-03,4.97E-03,1.13E-02,1.13E-02,1.32E-04,1.32E-04,1.77E-03,0.001766165
0.184,1.50E-07,1.51E-05,0.000130865,0.00306028,0.0233346,0.00494566,0.00494566,0.3531505,0.3531505,0.0938985,0.0938985,0.0139908,0.00248277,3.14E-05,6.74E-03,6.74E-03,1.32E-03,1.32E-03,3.36E-05,4.94E-03,4.94E-03,1.15E-02,1.15E-02,1.36E-04,1.36E-04,1.85E-03,0.001845065
0.188,1.67E-07,1.64E-05,0.000139378,0.00318765,0.0237905,0.004920635,0.004920635,0.3510815,0.3510815,0.094846,0.094846,0.0144301,0.00261861,3.36E-05,6.95E-03,6.95E-03,1.39E-03,1.39E-03,3.59E-05,4.92E-03,4.92E-03,1.17E-02,1.17E-02,1.40E-04,1.40E-04,1.93E-03,0.001925145
0.192,1.84E-07,1.79E-05,0.000148202,0.00331652,0.0242406,0.004895755,0.004895755,0.3490415,0.3490415,0.095763,0.095763,0.0148704,0.0027582,3.59E-05,7.16E-03,7.16E-03,1.46E-03,1.46E-03,3.83E-05,4.89E-03,4.89E-03,1.19E-02,1.19E-02,1.44E-04,1.44E-04,2.01E-03,0.002006365
0.196,2.03E-07,1.94E-05,0.000157336,0.00344682,0.0246849,0.00487105,0.00487105,0.34703,0.34703,0.0966515,0.0966515,0.0153113,0.00290152,3.82E-05,7.37E-03,7.37E-03,1.54E-03,1.54E-03,4.08E-05,4.87E-03,4.87E-03,1.21E-02,1.21E-02,1.48E-04,1.48E-04,2.09E-03,0.002088695
0.2,2.23E-07,2.10E-05,0.000166783,0.00357848,0.0251235,0.00484653,0.00484653,0.345046,0.345046,0.097511,0.097511,0.0157527,0.00304857,4.07E-05,7.57E-03,7.57E-03,1.62E-03,1.62E-03,4.34E-05,4.84E-03,4.84E-03,1.24E-02,1.24E-02,1.52E-04,1.52E-04,2.17E-03,0.002172095
0.204,2.44E-07,2.27E-05,0.000176541,0.00371147,0.0255566,0.00482222,0.00482222,0.343089,0.343089,0.0983425,0.0983425,0.0161945,0.0031993,4.32E-05,7.78E-03,7.78E-03,1.69E-03,1.69E-03,4.60E-05,4.82E-03,4.82E-03,1.26E-02,1.26E-02,1.56E-04,1.56E-04,2.26E-03,0.002256535
0.208,2.67E-07,2.45E-05,0.000186612,0.0038457,0.0259842,0.004798125,0.004798125,0.3411585,0.3411585,0.099147,0.099147,0.0166365,0.0033537,4.58E-05,7.99E-03,7.99E-03,1.77E-03,1.77E-03,4.88E-05,4.80E-03,4.80E-03,1.28E-02,1.28E-02,1.59E-04,1.59E-04,2.34E-03,0.00234198
0.212,2.92E-07,2.64E-05,0.000196997,0.00398113,0.0264064,0.00477426,0.00477426,0.3392545,0.3392545,0.099925,0.099925,0.0170785,0.00351175,4.85E-05,8.20E-03,8.20E-03,1.86E-03,1.86E-03,5.16E-05,4.77E-03,4.77E-03,1.30E-02,1.30E-02,1.63E-04,1.63E-04,2.43E-03,0.00242839
0.216,3.18E-07,2.85E-05,0.000207694,0.00411771,0.0268233,0.00475063,0.00475063,0.3373755,0.3373755,0.100677,0.100677,0.0175205,0.00367341,5.13E-05,8.40E-03,8.40E-03,1.94E-03,1.94E-03,5.46E-05,4.75E-03,4.75E-03,1.32E-02,1.32E-02,1.67E-04,1.67E-04,2.52E-03,0.00251574
0.22,3.46E-07,3.06E-05,0.000218705,0.00425537,0.0272349,0.004727245,0.004727245,0.335522,0.335522,0.101404,0.101404,0.0179621,0.00383866,5.42E-05,8.61E-03,8.61E-03,2.03E-03,2.03E-03,5.76E-05,4.72E-03,4.72E-03,1.34E-02,1.34E-02,1.71E-04,1.71E-04,2.60E-03,0.002604
0.224,3.76E-07,3.28E-05,0.000230028,0.00439407,0.0276415,0.00470411,0.00470411,0.3336925,0.3336925,0.1021065,0.1021065,0.0184034,0.00400746,5.72E-05,8.82E-03,8.82E-03,2.11E-03,2.11E-03,6.07E-05,4.70E-03,4.70E-03,1.36E-02,1.36E-02,1.75E-04,1.75E-04,2.69E-03,0.002693125
0.228,4.07E-07,3.51E-05,0.000241664,0.00453376,0.028043,0.00468123,0.00468123,0.331887,0.331887,0.102785,0.102785,0.0188442,0.00417979,6.02E-05,9.03E-03,9.03E-03,2.20E-03,2.20E-03,6.39E-05,4.68E-03,4.68E-03,1.38E-02,1.38E-02,1.78E-04,1.78E-04,2.78E-03,0.0027831
0.232,4.41E-07,3.75E-05,0.000253612,0.00467439,0.0284396,0.004658605,0.004658605,0.330105,0.330105,0.1034395,0.1034395,0.0192844,0.00435562,6.34E-05,9.23E-03,9.23E-03,2.29E-03,2.29E-03,6.72E-05,4.66E-03,4.66E-03,1.40E-02,1.40E-02,1.82E-04,1.82E-04,2.87E-03,0.002873885
0.236,4.76E-07,4.01E-05,0.000265871,0.00481591,0.0288313,0.004636235,0.004636235,0.328346,0.328346,0.1040715,0.1040715,0.0197238,0.00453491,6.67E-05,9.44E-03,9.44E-03,2.38E-03,2.38E-03,7.06E-05,4.63E-03,4.63E-03,1.42E-02,1.42E-02,1.86E-04,1.86E-04,2.97E-03,0.00296545
0.24,5.14E-07,4.27E-05,0.000278442,0.00495827,0.0292182,0.00461413,0.00461413,0.3266095,0.3266095,0.1046815,0.1046815,0.0201623,0.00471762,7.00E-05,9.64E-03,9.64E-03,2.48E-03,2.48E-03,7.41E-05,4.61E-03,4.61E-03,1.44E-02,1.44E-02,1.90E-04,1.90E-04,3.06E-03,0.00305777
0.244,5.53E-07,4.55E-05,0.000291321,0.00510143,0.0296005,0.00459228,0.00459228,0.3248955,0.3248955,0.1052695,0.1052695,0.0205999,0.00490373,7.34E-05,9.85E-03,9.85E-03,2.57E-03,2.57E-03,7.76E-05,4.59E-03,4.59E-03,1.45E-02,1.45E-02,1.94E-04,1.94E-04,3.15E-03,0.003150815
0.248,5.95E-07,4.84E-05,0.00030451,0.00524535,0.0299781,0.00457069,0.00457069,0.323203,0.323203,0.1058365,0.1058365,0.0210364,0.0050932,7.70E-05,1.00E-02,1.00E-02,2.67E-03,2.67E-03,8.13E-05,4.57E-03,4.57E-03,1.47E-02,1.47E-02,1.97E-04,1.97E-04,3.24E-03,0.00324456
0.252,6.38E-07,5.14E-05,0.000318007,0.00538998,0.0303513,0.004549355,0.004549355,0.3215315,0.3215315,0.1063825,0.1063825,0.0214717,0.00528598,8.06E-05,1.03E-02,1.03E-02,2.77E-03,2.77E-03,8.50E-05,4.55E-03,4.55E-03,1.49E-02,1.49E-02,2.01E-04,2.01E-04,3.34E-03,0.00333897
0.256,6.85E-07,5.46E-05,0.00033181,0.00553528,0.0307199,0.004528275,0.004528275,0.319881,0.319881,0.1069085,0.1069085,0.0219057,0.00548205,8.43E-05,1.05E-02,1.05E-02,2.87E-03,2.87E-03,8.89E-05,4.53E-03,4.53E-03,1.51E-02,1.51E-02,2.05E-04,2.05E-04,3.43E-03,0.00343403
0.26,7.33E-07,5.78E-05,0.000345918,0.00568121,0.0310843,0.00450745,0.00450745,0.318251,0.318251,0.107415,0.107415,0.0223385,0.00568137,8.81E-05,1.07E-02,1.07E-02,2.97E-03,2.97E-03,9.28E-05,4.50E-03,4.50E-03,1.53E-02,1.53E-02,2.09E-04,2.09E-04,3.53E-03,0.0035297
0.264,7.84E-07,6.13E-05,0.00036033,0.00582773,0.0314443,0.00448688,0.00448688,0.316641,0.316641,0.107902,0.107902,0.0227697,0.00588389,9.20E-05,1.09E-02,1.09E-02,3.07E-03,3.07E-03,9.68E-05,4.48E-03,4.48E-03,1.55E-02,1.55E-02,2.12E-04,2.12E-04,3.63E-03,0.003625965
0.268,8.37E-07,6.48E-05,0.000375044,0.0059748,0.0318001,0.004466555,0.004466555,0.3150505,0.3150505,0.1083705,0.1083705,0.0231995,0.00608958,9.59E-05,1.11E-02,1.11E-02,3.18E-03,3.18E-03,0.00010089,0.00446336,0.00446336,0.0156288,0.0156288,0.000215953,0.000215953,0.003722795,0.003722795
0.272,8.93E-07,6.85E-05,0.000390059,0.00612239,0.0321518,0.00444648,0.00444648,0.313479,0.313479,0.108821,0.108821,0.0236276,0.0062984,1.00E-04,1.13E-02,1.13E-02,3.28E-03,3.28E-03,0.000105071,0.00444324,0.00444324,0.01580285,0.01580285,0.000219654,0.000219654,0.00382017,0.00382017
0.276,9.51E-07,7.23E-05,0.000405373,0.00627045,0.0324994,0.004426645,0.004426645,0.311927,0.311927,0.109253,0.109253,0.0240541,0.00651031,0.000104133,0.0114506,0.0114506,0.00338954,0.00338954,0.000109336,0.00442337,0.00442337,0.01597505,0.01597505,0.000223347,0.000223347,0.00391806,0.00391806
0.28,1.01E-06,7.62E-05,0.000420984,0.00641897,0.0328431,0.00440705,0.00440705,0.310393,0.310393,0.1096685,0.1096685,0.0244788,0.00672526,0.000108369,0.0116473,0.0116473,0.003498225,0.003498225,0.000113686,0.004403735,0.004403735,0.0161455,0.0161455,0.000227034,0.000227034,0.004016445,0.004016445
0.284,1.08E-06,8.03E-05,0.000436891,0.00656789,0.0331828,0.004387695,0.004387695,0.3088775,0.3088775,0.1100665,0.1100665,0.0249018,0.00694322,0.000112692,0.01184295,0.01184295,0.003608285,0.003608285,0.000118119,0.004384345,0.004384345,0.01631425,0.01631425,0.000230715,0.000230715,0.0041153,0.0041153
0.288,1.14E-06,8.46E-05,0.000453091,0.00671719,0.0335186,0.004368575,0.004368575,0.30738,0.30738,0.110448,0.110448,0.0253228,0.00716415,0.000117102,0.0120376,0.0120376,0.003719705,0.003719705,0.000122635,0.00436519,0.00436519,0.0164813,0.0164813,0.000234389,0.000234389,0.004214605,0.004214605
0.292,1.21E-06,8.89E-05,0.000469583,0.00686684,0.0338507,0.00434968,0.00434968,0.3058995,0.3058995,0.1108135,0.1108135,0.025742,0.007388,0.000121597,0.01223125,0.01223125,0.00383245,0.00383245,0.000127233,0.00434627,0.00434627,0.01664665,0.01664665,0.000238057,0.000238057,0.00431434,0.00431434
0.296,1.28E-06,9.35E-05,0.000486365,0.0070168,0.0341791,0.004331015,0.004331015,0.3044365,0.3044365,0.1111635,0.1111635,0.0261591,0.00761473,0.000126178,0.0124238,0.0124238,0.0039465,0.0039465,0.000131913,0.004327575,0.004327575,0.0168104,0.0168104,0.000241719,0.000241719,0.00441448,0.00441448
0.3,1.36E-06,9.82E-05,0.000503435,0.00716705,0.0345038,0.00431257,0.00431257,0.3029905,0.3029905,0.111498,0.111498,0.0265742,0.00784429,0.000130843,0.01261525,0.01261525,0.004061835,0.004061835,0.000136673,0.00430911,0.00430911,0.0169726,0.0169726,0.000245375,0.000245375,0.004515005,0.004515005
0.304,1.44E-06,0.000102983,0.00052079,0.00731755,0.034825,0.00429435,0.00429435,0.301561,0.301561,0.1118175,0.1118175,0.0269873,0.00807666,0.000135592,0.0128056,0.0128056,0.00417843,0.00417843,0.000141512,0.004290865,0.004290865,0.01713325,0.01713325,0.000249026,0.000249026,0.004615895,0.004615895
0.308,1.52E-06,0.000107969,0.000538428,0.00746828,0.0351426,0.00427634,0.00427634,0.3001475,0.3001475,0.1121225,0.1121225,0.0273982,0.00831178,0.000140424,0.01299485,0.01299485,0.00429626,0.00429626,0.00014643,0.00427284,0.00427284,0.01729235,0.01729235,0.000252672,0.000252672,0.004717125,0.004717125
0.312,1.60E-06,0.000113111,0.000556348,0.0076192,0.0354567,0.004258545,0.004258545,0.29875,0.29875,0.1124135,0.1124135,0.0278069,0.00854961,0.000145338,0.0131829,0.0131829,0.004415305,0.004415305,0.000151426,0.00425503,0.00425503,0.01745,0.01745,0.000256313,0.000256313,0.004818685,0.004818685
0.316,1.69E-06,0.000118411,0.000574546,0.0077703,0.0357675,0.00424096,0.00424096,0.297368,0.297368,0.1126905,0.1126905,0.0282134,0.0087901,0.000150334,0.01336985,0.01336985,0.00453554,0.00453554,0.000156498,0.004237435,0.004237435,0.0176062,0.0176062,0.000259949,0.000259949,0.00492055,0.00492055
0.32,1.78E-06,0.00012387,0.000593021,0.00792155,0.0360749,0.00422358,0.00422358,0.2960015,0.2960015,0.112954,0.112954,0.0286176,0.00903322,0.000155411,0.0135556,0.0135556,0.00465694,0.00465694,0.000161646,0.004220045,0.004220045,0.01776095,0.01776095,0.00026358,0.00026358,0.0050227,0.0050227
0.324,1.88E-06,0.000129491,0.00061177,0.00807292,0.036379,0.004206405,0.004206405,0.29465,0.29465,0.113204,0.113204,0.0290196,0.00927892,0.000160568,0.01374015,0.01374015,0.004779485,0.004779485,0.000166869,0.00420286,0.00420286,0.01791435,0.01791435,0.000267207,0.000267207,0.00512515,0.00512515
0.328,1.97E-06,0.000135275,0.000630791,0.00822438,0.0366799,0.004189425,0.004189425,0.293313,0.293313,0.1134415,0.1134415,0.0294192,0.00952716,0.000165804,0.01392355,0.01392355,0.004903145,0.004903145,0.000172166,0.004185875,0.004185875,0.0180664,0.0180664,0.000270829,0.000270829,0.0052278,0.0052278
0.332,2.07E-06,0.000141224,0.000650082,0.00837592,0.0369776,0.00417264,0.00417264,0.291991,0.291991,0.1136665,0.1136665,0.0298164,0.0097779,0.000171118,0.0141057,0.0141057,0.0050279,0.0050279,0.000177536,0.00416909,0.00416909,0.0182171,0.0182171,0.000274448,0.000274448,0.0053307,0.0053307
0.336,2.18E-06,0.000147339,0.00066964,0.00852751,0.0372722,0.004156045,0.004156045,0.290683,0.290683,0.1138795,0.1138795,0.0302113,0.0100311,0.00017651,0.0142866,0.0142866,0.00515375,0.00515375,0.000182977,0.0041525,0.0041525,0.0183665,0.0183665,0.000278062,0.000278062,0.00543385,0.00543385
0.34,2.29E-06,0.000153623,0.000689462,0.00867913,0.0375637,0.00413964,0.00413964,0.289389,0.289389,0.1140805,0.1140805,0.0306037,0.0102867,0.000181978,0.0144663,0.0144663,0.00528065,0.00528065,0.000188489,0.0041361,0.0041361,0.01851465,0.01851465,0.000281673,0.000281673,0.00553715,0.00553715
0.344,2.40E-06,0.000160076,0.000709546,0.00883075,0.0378523,0.00412342,0.00412342,0.2881085,0.2881085,0.11427,0.11427,0.0309938,0.0105446,0.000187522,0.01464475,0.01464475,0.00540855,0.00540855,0.000194071,0.00411989,0.00411989,0.01866155,0.01866155,0.00028528,0.00028528,0.0056407,0.0056407
0.348,2.51E-06,0.000166701,0.00072989,0.00898236,0.0381378,0.00410738,0.00410738,0.286842,0.286842,0.114448,0.114448,0.0313813,0.0108049,0.000193141,0.01482195,0.01482195,0.00553745,0.00553745,0.000199722,0.004103865,0.004103865,0.01880725,0.01880725,0.000288883,0.000288883,0.00574435,0.00574435
0.352,2.63E-06,0.000173499,0.000750492,0.00913394,0.0384204,0.00409152,0.00409152,0.285588,0.285588,0.114615,0.114615,0.0317663,0.0110675,0.000198833,0.0149979,0.0149979,0.00566735,0.00566735,0.00020544,0.00408802,0.00408802,0.01895175,0.01895175,0.000292482,0.000292482,0.0058482,0.0058482
0.356,2.76E-06,0.000180472,0.000771347,0.00928546,0.0387002,0.004075835,0.004075835,0.2843475,0.2843475,0.1147715,0.1147715,0.0321489,0.0113323,0.000204599,0.0151726,0.0151726,0.00579825,0.00579825,0.000211225,0.004072355,0.004072355,0.01909505,0.01909505,0.000296079,0.000296079,0.0059522,0.0059522
0.36,2.88E-06,0.000187621,0.000792455,0.00943691,0.0389771,0.004060325,0.004060325,0.28312,0.28312,0.1149175,0.1149175,0.0325289,0.0115992,0.000210436,0.015346,0.015346,0.00593005,0.00593005,0.000217075,0.004056865,0.004056865,0.01923725,0.01923725,0.000299672,0.000299672,0.0060563,0.0060563
0.364,3.01E-06,0.000194947,0.000813812,0.00958826,0.0392512,0.00404498,0.00404498,0.281905,0.281905,0.115053,0.115053,0.0329064,0.0118684,0.000216344,0.01551815,0.01551815,0.00606275,0.00606275,0.00022299,0.004041545,0.004041545,0.01937835,0.01937835,0.000303261,0.000303261,0.0061605,0.0061605
0.368,3.15E-06,0.000202451,0.000835416,0.00973951,0.0395227,0.0040298,0.0040298,0.280702,0.280702,0.115179,0.115179,0.0332813,0.0121396,0.000222323,0.015689,0.015689,0.0061964,0.0061964,0.000228969,0.004026395,0.004026395,0.0195183,0.0195183,0.000306848,0.000306848,0.0062648,0.0062648
0.372,3.29E-06,0.000210136,0.000857264,0.00989063,0.0397914,0.004014785,0.004014785,0.279511,0.279511,0.115295,0.115295,0.0336536,0.0124129,0.00022837,0.0158586,0.0158586,0.0063309,0.0063309,0.000235009,0.004011415,0.004011415,0.01965725,0.01965725,0.000310431,0.000310431,0.0063692,0.0063692
0.376,3.43E-06,0.000218002,0.000879354,0.0100416,0.0400575,0.003999935,0.003999935,0.2783325,0.2783325,0.1154015,0.1154015,0.0340234,0.0126883,0.000234486,0.0160269,0.0160269,0.00646625,0.00646625,0.000241111,0.003996595,0.003996595,0.0197951,0.0197951,0.000314012,0.000314012,0.0064737,0.0064737
0.38,3.57E-06,0.000226051,0.000901682,0.0101924,0.040321,0.003985235,0.003985235,0.277165,0.277165,0.115499,0.115499,0.0343906,0.0129656,0.000240668,0.0161939,0.0161939,0.0066024,0.0066024,0.000247273,0.00398194,0.00398194,0.01993195,0.01993195,0.00031759,0.00031759,0.0065782,0.0065782
0.384,3.72E-06,0.000234284,0.000924247,0.0103431,0.0405819,0.003970695,0.003970695,0.2760095,0.2760095,0.1155875,0.1155875,0.0347552,0.0132448,0.000246917,0.01635965,0.01635965,0.0067394,0.0067394,0.000253494,0.00396744,0.00396744,0.02006785,0.02006785,0.000321164,0.000321164,0.00668275,0.00668275
0.388,3.88E-06,0.000242703,0.000947046,0.0104935,0.0408403,0.0039563,0.0039563,0.274865,0.274865,0.1156675,0.1156675,0.0351171,0.0135259,0.000253231,0.0165241,0.0165241,0.00687715,0.00687715,0.000259774,0.003953095,0.003953095,0.0202027,0.0202027,0.000324736,0.000324736,0.0067874,0.0067874
0.392,4.04E-06,0.000251307,0.000970076,0.0106438,0.0410962,0.00394206,0.00394206,0.273732,0.273732,0.115739,0.115739,0.0354765,0.0138089,0.000259609,0.01668725,0.01668725,0.0070157,0.0070157,0.00026611,0.003938905,0.003938905,0.0203366,0.0203366,0.000328305,0.000328305,0.006892,0.006892
0.396,4.20E-06,0.000260099,0.000993334,0.0107938,0.0413497,0.003927965,0.003927965,0.2726095,0.2726095,0.115802,0.115802,0.0358332,0.0140938,0.00026605,0.0168491,0.0168491,0.007155,0.007155,0.000272502,0.00392486,0.00392486,0.02046955,0.02046955,0.000331872,0.000331872,0.00699665,0.00699665
0.4,4.37E-06,0.000269079,0.00101682,0.0109436,0.0416007,0.003914015,0.003914015,0.271498,0.271498,0.115857,0.115857,0.0361874,0.0143803,0.000272553,0.0170097,0.0170097,0.007295,0.007295,0.000278948,0.003910965,0.003910965,0.0206016,0.0206016,0.000335435,0.000335435,0.0071013,0.0071013
0.404,4.54E-06,0.000278249,0.00104053,0.0110932,0.0418494,0.003900205,0.003900205,0.270397,0.270397,0.1159045,0.1159045,0.0365389,0.0146687,0.000279116,0.017169,0.017169,0.00743575,0.00743575,0.000285449,0.00389722,0.00389722,0.02073275,0.02073275,0.000338996,0.000338996,0.0072059,0.0072059
0.408,4.71E-06,0.00028761,0.00106445,0.0112424,0.0420958,0.003886535,0.003886535,0.269306,0.269306,0.115944,0.115944,0.0368877,0.0149587,0.00028574,0.01732705,0.01732705,0.00757715,0.00757715,0.000292002,0.00388361,0.00388361,0.020863,0.020863,0.000342554,0.000342554,0.0073105,0.0073105
0.412,4.89E-06,0.000297162,0.0010886,0.0113915,0.0423399,0.003873,0.003873,0.2682255,0.2682255,0.115976,0.115976,0.037234,0.0152503,0.000292423,0.0174838,0.0174838,0.00771925,0.00771925,0.000298606,0.003870145,0.003870145,0.0209924,0.0209924,0.00034611,0.00034611,0.0074151,0.0074151
0.416,5.08E-06,0.000306907,0.00111296,0.0115402,0.0425817,0.0038596,0.0038596,0.267155,0.267155,0.116001,0.116001,0.0375776,0.0155436,0.000299164,0.01763925,0.01763925,0.00786195,0.00786195,0.000305261,0.003856815,0.003856815,0.02112095,0.02112095,0.000349662,0.000349662,0.0075196,0.0075196
0.42,5.27E-06,0.000316845,0.00113754,0.0116887,0.0428213,0.00384633,0.00384633,0.2660945,0.2660945,0.1160185,0.1160185,0.0379186,0.0158384,0.000305962,0.01779345,0.01779345,0.0080053,0.0080053,0.000311965,0.00384362,0.00384362,0.02124865,0.02124865,0.000353213,0.000353213,0.0076241,0.0076241
0.424,5.46E-06,0.000326978,0.00116232,0.0118368,0.0430587,0.00383319,0.00383319,0.2650435,0.2650435,0.1160295,0.1160295,0.038257,0.0161348,0.000312816,0.0179464,0.0179464,0.0081493,0.0081493,0.000318718,0.00383056,0.00383056,0.02137555,0.02137555,0.00035676,0.00035676,0.0077285,0.0077285
0.428,5.66E-06,0.000337306,0.00118731,0.0119846,0.0432939,0.003820175,0.003820175,0.264002,0.264002,0.1160335,0.1160335,0.0385928,0.0164327,0.000319724,0.01809805,0.01809805,0.00829385,0.00829385,0.000325517,0.00381763,0.00381763,0.02150165,0.02150165,0.000360305,0.000360305,0.00783285,0.00783285
0.432,5.86E-06,0.00034783,0.00121251,0.0121321,0.043527,0.00380729,0.00380729,0.26297,0.26297,0.1160315,0.1160315,0.038926,0.016732,0.000326687,0.01824845,0.01824845,0.00843895,0.00843895,0.000332363,0.00380483,0.00380483,0.02162695,0.02162695,0.000363847,0.000363847,0.00793715,0.00793715
0.436,6.07E-06,0.00035855,0.00123791,0.0122793,0.043758,0.003794525,0.003794525,0.261947,0.261947,0.1160225,0.1160225,0.0392565,0.0170328,0.000333702,0.0183976,0.0183976,0.00858465,0.00858465,0.000339254,0.003792155,0.003792155,0.0217515,0.0217515,0.000367386,0.000367386,0.0080413,0.0080413
0.44,6.28E-06,0.000369468,0.0012635,0.0124261,0.0439869,0.003781885,0.003781885,0.2609335,0.2609335,0.116008,0.116008,0.0395845,0.0173349,0.000340769,0.0185455,0.0185455,0.00873085,0.00873085,0.00034619,0.003779605,0.003779605,0.0218753,0.0218753,0.000370923,0.000370923,0.0081454,0.0081454
0.444,6.50E-06,0.000380585,0.0012893,0.0125725,0.0442138,0.00376936,0.00376936,0.2599285,0.2599285,0.115987,0.115987,0.0399099,0.0176384,0.000347887,0.0186922,0.0186922,0.0088776,0.0088776,0.000353168,0.003767175,0.003767175,0.02199835,0.02199835,0.000374457,0.000374457,0.0082494,0.0082494
0.448,6.72E-06,0.0003919,0.00131529,0.0127186,0.0444387,0.00375695,0.00375695,0.2589325,0.2589325,0.1159605,0.1159605,0.0402326,0.0179431,0.000355055,0.0188376,0.0188376,0.0090248,0.0090248,0.000360188,0.00375487,0.00375487,0.0221207,0.0221207,0.000377988,0.000377988,0.00835325,0.00835325
0.452,6.94E-06,0.000403415,0.00134147,0.0128644,0.0446616,0.003744655,0.003744655,0.257945,0.257945,0.115928,0.115928,0.0405529,0.0182492,0.000362271,0.0189818,0.0189818,0.0091725,0.0091725,0.000367249,0.00374268,0.00374268,0.0222423,0.0222423,0.000381517,0.000381517,0.008457,0.008457
0.456,7.18E-06,0.00041513,0.00136785,0.0130097,0.0448825,0.003732475,0.003732475,0.256966,0.256966,0.11589,0.11589,0.0408705,0.0185565,0.000369536,0.01912475,0.01912475,0.0093207,0.0093207,0.000374351,0.003730605,0.003730605,0.0223632,0.0223632,0.000385042,0.000385042,0.00856065,0.00856065
0.46,7.41E-06,0.000427045,0.00139441,0.0131547,0.0451015,0.003720405,0.003720405,0.2559955,0.2559955,0.1158465,0.1158465,0.0411856,0.0188649,0.000376847,0.01926645,0.01926645,0.0094693,0.0094693,0.000381491,0.00371865,0.00371865,0.02248345,0.02248345,0.000388565,0.000388565,0.0086641,0.0086641
0.464,7.65E-06,0.000439162,0.00142115,0.0132992,0.0453187,0.003708445,0.003708445,0.255033,0.255033,0.115798,0.115798,0.0414981,0.0191746,0.000384203,0.019407,0.019407,0.00961835,0.00961835,0.000388669,0.003706805,0.003706805,0.022603,0.022603,0.000392085,0.000392085,0.00876745,0.00876745
0.468,7.90E-06,0.000451481,0.00144808,0.0134434,0.0455339,0.003696595,0.003696595,0.2540785,0.2540785,0.1157445,0.1157445,0.0418081,0.0194853,0.000391605,0.0195463,0.0195463,0.0097678,0.0097678,0.000395884,0.00369507,0.00369507,0.0227219,0.0227219,0.000395602,0.000395602,0.00887065,0.00887065
0.472,8.15E-06,0.000464003,0.00147518,0.0135871,0.0457473,0.003684845,0.003684845,0.2531325,0.2531325,0.115686,0.115686,0.0421156,0.0197972,0.00039905,0.0196844,0.0196844,0.00991765,0.00991765,0.000403135,0.003683445,0.003683445,0.02284015,0.02284015,0.000399116,0.000399116,0.0089737,0.0089737
0.476,8.40E-06,0.000476727,0.00150246,0.0137304,0.0459589,0.003673205,0.003673205,0.252194,0.252194,0.1156225,0.1156225,0.0424205,0.0201101,0.000406538,0.01982135,0.01982135,0.0100679,0.0100679,0.000410421,0.003671925,0.003671925,0.0229578,0.0229578,0.000402627,0.000402627,0.0090766,0.0090766
0.48,8.66E-06,0.000489654,0.00152992,0.0138733,0.0461687,0.00366166,0.00366166,0.251263,0.251263,0.1155545,0.1155545,0.042723,0.020424,0.000414068,0.01995705,0.01995705,0.0102185,0.0102185,0.000417741,0.003660515,0.003660515,0.0230748,0.0230748,0.000406135,0.000406135,0.0091793,0.0091793
0.484,8.93E-06,0.000502785,0.00155755,0.0140158,0.0463767,0.00365022,0.00365022,0.25034,0.25034,0.1154815,0.1154815,0.043023,0.0207389,0.000421639,0.0200916,0.0200916,0.01036945,0.01036945,0.000425095,0.003649205,0.003649205,0.02319115,0.02319115,0.00040964,0.00040964,0.00928185,0.00928185
0.488,9.19E-06,0.00051612,0.00158535,0.0141578,0.046583,0.003638875,0.003638875,0.2494245,0.2494245,0.1154045,0.1154045,0.0433204,0.0210548,0.00042925,0.020225,0.020225,0.0105207,0.0105207,0.00043248,0.003638,0.003638,0.02330695,0.02330695,0.000413142,0.000413142,0.0093842,0.0093842
0.492,9.47E-06,0.000529659,0.00161332,0.0142994,0.0467875,0.00362763,0.00362763,0.2485165,0.2485165,0.115323,0.115323,0.0436155,0.0213716,0.000436899,0.0203572,0.0203572,0.0106723,0.0106723,0.000439896,0.003626895,0.003626895,0.02342215,0.02342215,0.00041664,0.00041664,0.0094864,0.0094864
0.496,9.75E-06,0.000543403,0.00164145,0.0144405,0.0469904,0.00361648,0.00361648,0.2476155,0.2476155,0.115237,0.115237,0.043908,0.0216892,0.000444587,0.0204883,0.0204883,0.0108242,0.0108242,0.000447343,0.00361589,0.00361589,0.02353675,0.02353675,0.000420136,0.000420136,0.0095884,0.0095884
0.5,1.00E-05,0.000557353,0.00166975,0.0145812,0.0471915,0.003605425,0.003605425,0.2467215,0.2467215,0.1151475,0.1151475,0.0441982,0.0220078,0.000452312,0.0206182,0.0206182,0.0109764,0.0109764,0.000454819,0.00360498,0.00360498,0.0236508,0.0236508,0.000423628,0.000423628,0.0096902,0.0096902
0.504,1.03E-05,0.000571507,0.0016982,0.0147214,0.047391,0.00359446,0.00359446,0.2458345,0.2458345,0.115054,0.115054,0.0444859,0.0223271,0.000460072,0.020747,0.020747,0.01112885,0.01112885,0.000462323,0.003594165,0.003594165,0.0237643,0.0237643,0.000427116,0.000427116,0.0097918,0.0097918
0.508,1.06E-05,0.000585867,0.00172681,0.0148612,0.0475889,0.00358359,0.00358359,0.244955,0.244955,0.114956,0.114956,0.0447712,0.0226473,0.000467868,0.02087465,0.02087465,0.01128155,0.01128155,0.000469855,0.00358345,0.00358345,0.0238772,0.0238772,0.000430602,0.000430602,0.00989315,0.00989315
0.512,1.09E-05,0.000600432,0.00175558,0.0150005,0.0477851,0.00357281,0.00357281,0.244082,0.244082,0.114855,0.114855,0.0450541,0.0229682,0.000475698,0.02100115,0.02100115,0.0114345,0.0114345,0.000477413,0.003572825,0.003572825,0.0239896,0.0239896,0.000434084,0.000434084,0.00999435,0.00999435
0.516,1.12E-05,0.000615204,0.00178451,0.0151393,0.0479798,0.003562115,0.003562115,0.2432155,0.2432155,0.11475,0.11475,0.0453346,0.0232898,0.000483561,0.0211266,0.0211266,0.01158765,0.01158765,0.000484997,0.00356229,0.00356229,0.02410145,0.02410145,0.000437562,0.000437562,0.0100953,0.0100953
0.52,1.15E-05,0.000630181,0.00181358,0.0152776,0.0481729,0.003551505,0.003551505,0.242356,0.242356,0.1146415,0.1146415,0.0456128,0.0236122,0.000491457,0.0212509,0.0212509,0.01174105,0.01174105,0.000492606,0.00355185,0.00355185,0.0242128,0.0242128,0.000441037,0.000441037,0.01019605,0.01019605
0.524,1.18E-05,0.000645365,0.00184281,0.0154155,0.0483644,0.003540985,0.003540985,0.241503,0.241503,0.1145295,0.1145295,0.0458886,0.0239352,0.000499384,0.0213741,0.0213741,0.01189465,0.01189465,0.000500238,0.003541495,0.003541495,0.0243236,0.0243236,0.000444508,0.000444508,0.0102966,0.0102966
0.528,1.22E-05,0.000660755,0.00187218,0.0155529,0.0485544,0.003530545,0.003530545,0.240656,0.240656,0.1144145,0.1144145,0.0461621,0.0242588,0.000507342,0.02149625,0.02149625,0.0120484,0.0120484,0.000507894,0.00353123,0.00353123,0.0244339,0.0244339,0.000447975,0.000447975,0.0103969,0.0103969
0.532,1.25E-05,0.000676351,0.00190169,0.0156898,0.0487429,0.00352019,0.00352019,0.239816,0.239816,0.114296,0.114296,0.0464333,0.0245831,0.000515329,0.0216173,0.0216173,0.01220235,0.01220235,0.000515572,0.00352105,0.00352105,0.02454375,0.02454375,0.000451439,0.000451439,0.01049695,0.01049695
0.536,1.28E-05,0.000692154,0.00193135,0.0158261,0.0489298,0.003509915,0.003509915,0.238982,0.238982,0.1141745,0.1141745,0.0467021,0.0249079,0.000523346,0.02173725,0.02173725,0.01235645,0.01235645,0.000523271,0.003510955,0.003510955,0.02465305,0.02465305,0.000454899,0.000454899,0.01059675,0.01059675
0.54,1.32E-05,0.000708164,0.00196115,0.015962,0.0491153,0.003499725,0.003499725,0.238154,0.238154,0.1140495,0.1140495,0.0469687,0.0252333,0.00053139,0.0218562,0.0218562,0.01251075,0.01251075,0.000530991,0.003500945,0.003500945,0.0247619,0.0247619,0.000458355,0.000458355,0.01069635,0.01069635
0.544,1.35E-05,0.000724379,0.00199108,0.0160974,0.0492994,0.00348961,0.00348961,0.237332,0.237332,0.113922,0.113922,0.0472331,0.0255592,0.000539461,0.02197405,0.02197405,0.0126651,0.0126651,0.000538731,0.00349102,0.00349102,0.02487025,0.02487025,0.000461807,0.000461807,0.0107957,0.0107957
0.548,1.38E-05,0.000740802,0.00202116,0.0162323,0.049482,0.003479575,0.003479575,0.2365165,0.2365165,0.1137915,0.1137915,0.0474951,0.0258856,0.000547559,0.0220909,0.0220909,0.01281965,0.01281965,0.000546489,0.00348117,0.00348117,0.02497815,0.02497815,0.000465255,0.000465255,0.0108948,0.0108948
0.552,1.42E-05,0.000757431,0.00205136,0.0163667,0.0496631,0.003469615,0.003469615,0.2357065,0.2357065,0.1136585,0.1136585,0.047755,0.0262125,0.000555682,0.02220665,0.02220665,0.01297425,0.01297425,0.000554265,0.003471405,0.003471405,0.0250856,0.0250856,0.000468699,0.000468699,0.01099365,0.01099365
0.556,1.46E-05,0.000774266,0.0020817,0.0165006,0.0498429,0.00345973,0.00345973,0.2349025,0.2349025,0.1135225,0.1135225,0.0480126,0.0265399,0.000563829,0.02232145,0.02232145,0.01312895,0.01312895,0.000562059,0.00346172,0.00346172,0.02519255,0.02519255,0.000472139,0.000472139,0.01109225,0.01109225
0.56,1.49E-05,0.000791308,0.00211217,0.016634,0.0500212,0.00344992,0.00344992,0.234104,0.234104,0.113384,0.113384,0.0482681,0.0268676,0.000572,0.0224352,0.0224352,0.01328375,0.01328375,0.00056987,0.00345211,0.00345211,0.0252991,0.0252991,0.000475575,0.000475575,0.0111906,0.0111906
0.564,1.53E-05,0.000808556,0.00214277,0.0167669,0.0501982,0.003440185,0.003440185,0.2333115,0.2333115,0.113243,0.113243,0.0485213,0.0271957,0.000580194,0.02254795,0.02254795,0.01343865,0.01343865,0.000577696,0.003442575,0.003442575,0.0254052,0.0254052,0.000479006,0.000479006,0.0112887,0.0112887
