Time,AI,AF,AD,AL,AA,BD,BC,AM,AN,AY,AZ,AC,AK,AH,AT,AS,AR,AQ,AG,BB,BA,AO,AP,AV,AU,AX,AW
0,0,0,0,0,1,0,0,0,0,0,0,0,0,0,0,0,0,0,0,0,0,0,0,0,0,0,0
0.005,4.39E-11,8.52E-08,1.85E-05,0.00897662,0.989009,0.000958615,0.000958615,3.93354E-05,3.93354E-05,1.20569E-07,1.20569E-07,2.51E-10,6.72E-13,1.93E-16,1.26E-10,1.26E-10,3.38E-13,3.38E-13,1.93E-16,2.67E-08,2.67E-08,5.44E-10,5.44E-10,2.17E-13,2.17E-13,1.07E-12,1.06822E-12
0.01,6.83E-10,6.72E-07,7.30E-05,0.0176966,0.978401,0.00176501,0.00176501,0.000148239,0.000148239,9.17165E-07,9.17165E-07,3.84E-09,2.14E-11,1.45E-14,1.92E-09,1.92E-09,1.08E-11,1.08E-11,1.47E-14,1.96E-07,1.96E-07,8.09E-09,8.09E-09,6.56E-12,6.56E-12,3.32E-11,3.31534E-11
0.015,3.37E-09,2.24E-06,0.000161755,0.026168,0.968147,0.00244221,0.00244221,0.000314646,0.000314646,2.9457E-06,2.9457E-06,1.86E-08,1.56E-10,1.60E-13,9.29E-09,9.29E-09,7.99E-11,7.99E-11,1.63E-13,6.09E-07,6.09E-07,3.82E-08,3.82E-08,4.58E-11,4.58E-11,2.38E-10,2.37667E-10
0.02,1.04E-08,5.22E-06,0.000283165,0.0343983,0.958221,0.003009775,0.003009775,0.000528355,0.000528355,0.00000665,0.00000665,5.64E-08,6.35E-10,8.61E-13,2.81E-08,2.81E-08,3.26E-10,3.26E-10,8.82E-13,1.33E-06,1.33E-06,1.13E-07,1.13E-07,1.78E-10,1.78E-10,9.45E-10,9.45125E-10
0.025,2.46E-08,1.01E-05,0.000435703,0.042395,0.948599,0.00348432,0.00348432,0.000780755,0.000780755,1.23797E-05,1.23797E-05,1.32E-07,1.87E-09,3.15E-12,6.57E-08,6.57E-08,9.64E-10,9.64E-10,3.24E-12,2.40E-06,2.40E-06,2.57E-07,2.57E-07,5.00E-10,5.00E-10,2.72E-09,2.72345E-09
0.03,4.97E-08,1.71E-05,0.000617894,0.0501648,0.939261,0.00387998,0.00387998,0.001064555,0.001064555,2.04055E-05,2.04055E-05,2.62E-07,4.48E-09,9.00E-12,1.31E-07,1.31E-07,2.32E-09,2.32E-09,9.30E-12,3.82E-06,3.82E-06,5.00E-07,5.00E-07,1.15E-09,1.15E-09,6.40E-09,6.40325E-09
0.035,8.96E-08,2.68E-05,0.000828316,0.0577144,0.93019,0.00420875,0.00420875,0.001373625,0.001373625,3.09319E-05,3.09319E-05,4.67E-07,9.33E-09,2.18E-11,2.32E-07,2.32E-07,4.86E-09,4.86E-09,2.26E-11,5.61E-06,5.61E-06,8.67E-07,8.67E-07,2.29E-09,2.29E-09,1.31E-08,1.3086E-08
0.04,1.49E-07,3.95E-05,0.0010656,0.0650502,0.921369,0.00448083,0.00448083,0.001702785,0.001702785,4.41083E-05,4.41083E-05,7.64E-07,1.75E-08,4.65E-11,3.80E-07,3.80E-07,9.18E-09,9.18E-09,4.84E-11,7.76E-06,7.76E-06,1.39E-06,1.39E-06,4.12E-09,4.12E-09,2.41E-08,2.41399E-08
0.045,2.32E-07,5.54E-05,0.00132845,0.0721783,0.912785,0.004704885,0.004704885,0.002047675,0.002047675,0.000060038,0.000060038,1.18E-06,3.05E-08,9.03E-11,5.84E-07,5.84E-07,1.60E-08,1.60E-08,9.44E-11,1.02E-05,1.02E-05,2.08E-06,2.08E-06,6.87E-09,6.87E-09,4.12E-08,4.1187E-08
0.05,3.45E-07,7.50E-05,0.00161558,0.0791046,0.904425,0.00488827,0.00488827,0.00240463,0.00240463,7.87865E-05,7.87865E-05,1.72E-06,4.99E-08,1.63E-10,8.55E-07,8.55E-07,2.63E-08,2.63E-08,1.71E-10,1.30E-05,1.30E-05,2.98E-06,2.98E-06,1.08E-08,1.08E-08,6.61E-08,6.6084E-08
0.055,4.92E-07,9.84E-05,0.0019258,0.0858346,0.896279,0.00503725,0.00503725,0.00277057,0.00277057,0.000100387,0.000100387,2.43E-06,7.76E-08,2.77E-10,1.20E-06,1.20E-06,4.10E-08,4.10E-08,2.91E-10,1.61E-05,1.61E-05,4.10E-06,4.10E-06,1.60E-08,1.60E-08,1.01E-07,1.00901E-07
0.06,6.78E-07,0.000125987,0.00225792,0.0923738,0.888335,0.0051571,0.0051571,0.003142925,0.003142925,0.000124846,0.000124846,3.30E-06,1.16E-07,4.48E-10,1.64E-06,1.64E-06,6.13E-08,6.13E-08,4.72E-10,1.94E-05,1.94E-05,5.46E-06,5.46E-06,2.30E-08,2.30E-08,1.48E-07,1.47893E-07
0.065,9.11E-07,0.000157974,0.00261084,0.0987276,0.880585,0.0052524,0.0052524,0.003519525,0.003519525,0.000152152,0.000152152,4.38E-06,1.67E-07,6.95E-10,2.17E-06,2.17E-06,8.86E-08,8.86E-08,7.35E-10,2.30E-05,2.30E-05,7.08E-06,7.08E-06,3.18E-08,3.18E-08,2.09E-07,2.09481E-07
0.07,1.19E-06,0.000194596,0.00298348,0.104901,0.87302,0.00532695,0.00532695,0.00389858,0.00389858,0.000182271,0.000182271,5.67E-06,2.34E-07,1.04E-09,2.81E-06,2.81E-06,1.24E-07,1.24E-07,1.10E-09,2.68E-05,2.68E-05,8.98E-06,8.98E-06,4.28E-08,4.28E-08,2.88E-07,2.88219E-07
0.075,1.53E-06,0.000236069,0.00337479,0.110899,0.865634,0.00538395,0.00538395,0.004278585,0.004278585,0.000215159,0.000215159,7.20E-06,3.19E-07,1.51E-09,3.56E-06,3.56E-06,1.70E-07,1.70E-07,1.61E-09,3.07E-05,3.07E-05,1.12E-05,1.12E-05,5.62E-08,5.62E-08,3.87E-07,3.86777E-07
0.08,1.93E-06,0.000282592,0.00378378,0.116726,0.858418,0.0054262,0.0054262,0.004658295,0.004658295,0.00025076,0.00025076,8.99E-06,4.26E-07,2.14E-09,4.44E-06,4.44E-06,2.28E-07,2.28E-07,2.28E-09,3.48E-05,3.48E-05,1.36E-05,1.36E-05,7.21E-08,7.21E-08,5.08E-07,5.0791E-07
0.085,2.40E-06,0.00033435,0.00420949,0.122387,0.851368,0.00545605,0.00545605,0.0050367,0.0050367,0.000289007,0.000289007,1.10E-05,5.59E-07,2.96E-09,5.45E-06,5.45E-06,2.99E-07,2.99E-07,3.15E-09,3.90E-05,3.90E-05,1.64E-05,1.64E-05,9.09E-08,9.09E-08,6.54E-07,6.5444E-07
0.09,2.95E-06,0.000391512,0.00465101,0.127887,0.844476,0.00547555,0.00547555,0.00541295,0.00541295,0.000329829,0.000329829,1.34E-05,7.20E-07,4.01E-09,6.60E-06,6.60E-06,3.85E-07,3.85E-07,4.28E-09,4.34E-05,4.34E-05,1.95E-05,1.95E-05,1.13E-07,1.13E-07,8.29E-07,8.2923E-07
0.095,3.57E-06,0.000454236,0.00510745,0.133229,0.837737,0.00548625,0.00548625,0.0057863,0.0057863,0.000373147,0.000373147,1.60E-05,9.13E-07,5.34E-09,7.90E-06,7.90E-06,4.89E-07,4.89E-07,5.70E-09,4.78E-05,4.78E-05,2.29E-05,2.29E-05,1.38E-07,1.38E-07,1.04E-06,1.03519E-06
0.1,4.27E-06,0.000522664,0.00557795,0.138418,0.831147,0.0054897,0.0054897,0.0061563,0.0061563,0.000418881,0.000418881,1.90E-05,1.14E-06,6.99E-09,9.36E-06,9.36E-06,6.13E-07,6.13E-07,7.47E-09,5.23E-05,5.23E-05,2.66E-05,2.66E-05,1.66E-07,1.66E-07,1.28E-06,1.27521E-06
0.105,5.07E-06,0.000596927,0.00606171,0.143458,0.8247,0.00548705,0.00548705,0.0065224,0.0065224,0.000466946,0.000466946,2.23E-05,1.41E-06,9.01E-09,1.10E-05,1.10E-05,7.59E-07,7.59E-07,9.64E-09,5.68E-05,5.68E-05,3.06E-05,3.06E-05,1.98E-07,1.98E-07,1.55E-06,1.5522E-06
0.11,5.95E-06,0.000677142,0.00655794,0.148353,0.818392,0.00547935,0.00547935,0.00688435,0.00688435,0.000517255,0.000517255,2.60E-05,1.73E-06,1.15E-08,1.28E-05,1.28E-05,9.29E-07,9.29E-07,1.23E-08,6.14E-05,6.14E-05,3.50E-05,3.50E-05,2.34E-07,2.34E-07,1.87E-06,1.86905E-06
0.115,6.94E-06,0.000763418,0.00706588,0.153107,0.812219,0.00546745,0.00546745,0.00724175,0.00724175,0.000569725,0.000569725,3.00E-05,2.09E-06,1.44E-08,1.47E-05,1.47E-05,1.13E-06,1.13E-06,1.54E-08,6.60E-05,6.60E-05,3.96E-05,3.96E-05,2.73E-07,2.73E-07,2.23E-06,2.22859E-06
0.12,8.03E-06,0.000855849,0.00758481,0.157723,0.806177,0.00545215,0.00545215,0.00759445,0.00759445,0.000624265,0.000624265,3.44E-05,2.51E-06,1.79E-08,1.69E-05,1.69E-05,1.35E-06,1.35E-06,1.92E-08,7.06E-05,7.06E-05,4.46E-05,4.46E-05,3.16E-07,3.16E-07,2.63E-06,2.63365E-06
0.125,9.23E-06,0.000954523,0.00811404,0.162206,0.800261,0.005434,0.005434,0.0079423,0.0079423,0.00068079,0.00068079,3.91E-05,2.99E-06,2.20E-08,1.92E-05,1.92E-05,1.61E-06,1.61E-06,2.37E-08,7.53E-05,7.53E-05,4.99E-05,4.99E-05,3.63E-07,3.63E-07,3.09E-06,3.08699E-06
0.13,1.05E-05,0.00105951,0.00865289,0.166559,0.794469,0.00541355,0.00541355,0.0082852,0.0082852,0.000739215,0.000739215,4.43E-05,3.53E-06,2.69E-08,2.17E-05,2.17E-05,1.90E-06,1.90E-06,2.89E-08,7.99E-05,7.99E-05,5.55E-05,5.55E-05,4.15E-07,4.15E-07,3.59E-06,3.5913E-06
0.135,1.20E-05,0.00117089,0.00920074,0.170784,0.788796,0.0053913,0.0053913,0.00862305,0.00862305,0.000799455,0.000799455,4.98E-05,4.13E-06,3.25E-08,2.44E-05,2.44E-05,2.22E-06,2.22E-06,3.49E-08,8.45E-05,8.45E-05,6.14E-05,6.14E-05,4.70E-07,4.70E-07,4.15E-06,4.14924E-06
0.14,1.35E-05,0.0012887,0.00975696,0.174887,0.78324,0.00536755,0.00536755,0.00895575,0.00895575,0.00086142,0.00086142,5.58E-05,4.81E-06,3.90E-08,2.73E-05,2.73E-05,2.59E-06,2.59E-06,4.19E-08,8.90E-05,8.90E-05,6.76E-05,6.76E-05,5.29E-07,5.29E-07,4.76E-06,4.76338E-06
0.145,1.52E-05,0.00141301,0.010321,0.178869,0.777798,0.00534265,0.00534265,0.0092834,0.0092834,0.000925035,0.000925035,6.22E-05,5.57E-06,4.64E-08,3.04E-05,3.04E-05,3.00E-06,3.00E-06,4.98E-08,9.36E-05,9.36E-05,7.41E-05,7.41E-05,5.93E-07,5.93E-07,5.44E-06,5.4362E-06
0.15,1.70E-05,0.00154384,0.0108922,0.182734,0.772466,0.0053169,0.0053169,0.00960595,0.00960595,0.00099022,0.00099022,6.90E-05,6.41E-06,5.48E-08,3.37E-05,3.37E-05,3.45E-06,3.45E-06,5.89E-08,9.81E-05,9.81E-05,8.08E-05,8.08E-05,6.61E-07,6.61E-07,6.17E-06,6.17015E-06
0.155,1.89E-05,0.00168124,0.0114701,0.186485,0.767241,0.00529045,0.00529045,0.0099234,0.0099234,0.001056895,0.001056895,7.62E-05,7.34E-06,6.44E-08,3.72E-05,3.72E-05,3.95E-06,3.95E-06,6.92E-08,1.03E-04,1.03E-04,8.79E-05,8.79E-05,7.33E-07,7.33E-07,6.97E-06,6.96755E-06
0.16,2.10E-05,0.00182522,0.0120542,0.190126,0.76212,0.0052636,0.0052636,0.01023585,0.01023585,0.00112498,0.00112498,8.38E-05,8.36E-06,7.51E-08,4.10E-05,4.10E-05,4.49E-06,4.49E-06,8.08E-08,1.07E-04,1.07E-04,9.53E-05,9.53E-05,8.09E-07,8.09E-07,7.83E-06,7.83065E-06
0.165,2.32E-05,0.00197582,0.0126439,0.193658,0.757102,0.0052364,0.0052364,0.0105433,0.0105433,0.001194405,0.001194405,9.19E-05,9.47E-06,8.72E-08,4.49E-05,4.49E-05,5.09E-06,5.09E-06,9.38E-08,1.11E-04,1.11E-04,1.03E-04,1.03E-04,8.90E-07,8.90E-07,8.76E-06,8.7616E-06
0.17,2.55E-05,0.00213303,0.0132388,0.197085,0.752182,0.005209,0.005209,0.0108458,0.0108458,0.001265095,0.001265095,0.000100485,1.07E-05,1.01E-07,4.90E-05,4.90E-05,5.75E-06,5.75E-06,1.08E-07,1.16E-04,1.16E-04,1.11E-04,1.11E-04,9.75E-07,9.75E-07,9.76E-06,9.76255E-06
0.175,2.80E-05,0.00229686,0.0138384,0.20041,0.747359,0.0051816,0.0051816,0.01114345,0.01114345,0.001336985,0.001336985,0.000109467,1.20E-05,1.16E-07,5.34E-05,5.34E-05,6.46E-06,6.46E-06,1.24E-07,1.20E-04,1.20E-04,1.19E-04,1.19E-04,1.06E-06,1.06E-06,1.08E-05,1.08355E-05
0.18,3.06E-05,0.00246732,0.0144423,0.203636,0.742631,0.0051542,0.0051542,0.01143635,0.01143635,0.001410005,0.001410005,0.000118897,1.35E-05,1.32E-07,5.79E-05,5.79E-05,7.23E-06,7.23E-06,1.42E-07,1.24E-04,1.24E-04,1.27E-04,1.27E-04,1.16E-06,1.16E-06,1.20E-05,1.19824E-05
0.185,3.34E-05,0.00264439,0.0150501,0.206764,0.737994,0.0051269,0.0051269,0.01172455,0.01172455,0.00148409,0.00148409,0.000128776,1.50E-05,1.51E-07,6.27E-05,6.27E-05,8.06E-06,8.06E-06,1.62E-07,1.28E-04,1.28E-04,1.36E-04,1.36E-04,1.25E-06,1.25E-06,1.32E-05,1.32049E-05
0.19,3.63E-05,0.00282807,0.0156613,0.209798,0.733447,0.00509975,0.00509975,0.0120081,0.0120081,0.00155917,0.00155917,0.000139105,1.67E-05,1.71E-07,6.77E-05,6.77E-05,8.95E-06,8.95E-06,1.84E-07,1.33E-04,1.33E-04,1.45E-04,1.45E-04,1.36E-06,1.36E-06,1.45E-05,1.4505E-05
0.195,3.94E-05,0.00301833,0.0162757,0.212739,0.728986,0.00507285,0.00507285,0.01228715,0.01228715,0.001635195,0.001635195,0.000149886,1.85E-05,1.93E-07,7.29E-05,7.29E-05,9.92E-06,9.92E-06,2.07E-07,1.37E-04,1.37E-04,1.54E-04,1.54E-04,1.46E-06,1.46E-06,1.59E-05,1.58841E-05
0.2,4.26E-05,0.00321517,0.0168927,0.215592,0.724611,0.0050462,0.0050462,0.01256175,0.01256175,0.001712095,0.001712095,0.00016112,2.04E-05,2.17E-07,7.83E-05,7.83E-05,1.10E-05,1.10E-05,2.33E-07,1.41E-04,1.41E-04,1.63E-04,1.63E-04,1.57E-06,1.57E-06,1.73E-05,0.000017344
0.205,4.60E-05,0.00341854,0.0175121,0.218357,0.720319,0.00501985,0.00501985,0.012832,0.012832,0.00178982,0.00178982,0.000172806,2.25E-05,2.44E-07,8.40E-05,8.40E-05,1.21E-05,1.21E-05,2.61E-07,1.45E-04,1.45E-04,1.73E-04,1.73E-04,1.69E-06,1.69E-06,1.89E-05,1.88861E-05
0.21,4.95E-05,0.00362842,0.0181336,0.221037,0.716108,0.004993815,0.004993815,0.01309795,0.01309795,0.001868315,0.001868315,0.000184944,2.47E-05,2.72E-07,8.98E-05,8.98E-05,1.32E-05,1.32E-05,2.92E-07,1.49E-04,1.49E-04,1.83E-04,1.83E-04,1.80E-06,1.80E-06,2.05E-05,2.05119E-05
0.215,5.32E-05,0.00384478,0.0187567,0.223634,0.711976,0.00496813,0.00496813,0.01335975,0.01335975,0.001947525,0.001947525,0.000197534,2.71E-05,3.03E-07,9.59E-05,9.59E-05,1.45E-05,1.45E-05,3.25E-07,1.52E-04,1.52E-04,1.93E-04,1.93E-04,1.92E-06,1.92E-06,2.22E-05,2.22226E-05
0.22,5.70E-05,0.00406757,0.0193813,0.226151,0.70792,0.0049428,0.0049428,0.01361745,0.01361745,0.002027395,0.002027395,0.000210574,2.96E-05,3.37E-07,1.02E-04,1.02E-04,1.58E-05,1.58E-05,3.61E-07,1.56E-04,1.56E-04,2.03E-04,2.03E-04,2.05E-06,2.05E-06,2.40E-05,2.40196E-05
0.225,6.10E-05,0.00429676,0.0200069,0.22859,0.70394,0.00491784,0.00491784,0.01387115,0.01387115,0.002107885,0.002107885,0.000224063,3.23E-05,3.73E-07,1.09E-04,1.09E-04,1.72E-05,1.72E-05,3.99E-07,1.60E-04,1.60E-04,2.13E-04,2.13E-04,2.18E-06,2.18E-06,2.59E-05,0.000025904
0.23,6.52E-05,0.0045323,0.0206334,0.230952,0.700033,0.00489326,0.00489326,0.01412095,0.01412095,0.00218894,0.00218894,0.000238,3.51E-05,4.12E-07,1.15E-04,1.15E-04,1.87E-05,1.87E-05,4.41E-07,1.64E-04,1.64E-04,2.24E-04,2.24E-04,2.31E-06,2.31E-06,2.79E-05,2.78769E-05
0.235,6.95E-05,0.00477414,0.0212604,0.23324,0.696197,0.00486907,0.00486907,0.0143669,0.0143669,0.00227052,0.00227052,0.000252383,3.81E-05,4.54E-07,1.22E-04,1.22E-04,2.03E-05,2.03E-05,4.85E-07,1.67E-04,1.67E-04,2.35E-04,2.35E-04,2.45E-06,2.45E-06,2.99E-05,2.99395E-05
0.24,7.40E-05,0.00502223,0.0218878,0.235455,0.692432,0.00484527,0.00484527,0.0146091,0.0146091,0.002352575,0.002352575,0.000267209,4.13E-05,4.98E-07,1.29E-04,1.29E-04,2.20E-05,2.20E-05,5.33E-07,1.71E-04,1.71E-04,2.46E-04,2.46E-04,2.59E-06,2.59E-06,3.21E-05,3.20925E-05
0.245,7.86E-05,0.00527652,0.0225152,0.2376,0.688734,0.00482186,0.00482186,0.01484765,0.01484765,0.002435065,0.002435065,0.000282475,4.47E-05,5.46E-07,1.37E-04,1.37E-04,2.38E-05,2.38E-05,5.84E-07,1.75E-04,1.75E-04,2.57E-04,2.57E-04,2.74E-06,2.74E-06,3.43E-05,3.43371E-05
0.25,8.34E-05,0.00553694,0.0231425,0.239677,0.685102,0.00479884,0.00479884,0.01508265,0.01508265,0.002517955,0.002517955,0.000298179,4.82E-05,5.97E-07,1.44E-04,1.44E-04,2.56E-05,2.56E-05,6.38E-07,1.78E-04,1.78E-04,2.68E-04,2.68E-04,2.89E-06,2.89E-06,3.67E-05,3.66739E-05
0.255,8.83E-05,0.00580344,0.0237693,0.241687,0.681536,0.00477621,0.00477621,0.0153141,0.0153141,0.0026012,0.0026012,0.000314318,5.19E-05,6.52E-07,1.52E-04,1.52E-04,2.76E-05,2.76E-05,6.95E-07,1.82E-04,1.82E-04,2.80E-04,2.80E-04,3.04E-06,3.04E-06,3.91E-05,3.91038E-05
0.26,9.34E-05,0.00607596,0.0243956,0.243632,0.678032,0.00475397,0.00475397,0.01554215,0.01554215,0.002684765,0.002684765,0.000330889,5.58E-05,7.09E-07,1.60E-04,1.60E-04,2.96E-05,2.96E-05,7.56E-07,1.85E-04,1.85E-04,2.92E-04,2.92E-04,3.20E-06,3.20E-06,4.16E-05,4.16275E-05
0.265,9.87E-05,0.00635443,0.0250211,0.245513,0.67459,0.00473211,0.00473211,0.0157668,0.0157668,0.002768615,0.002768615,0.000347887,5.99E-05,7.71E-07,1.68E-04,1.68E-04,3.18E-05,3.18E-05,8.21E-07,1.88E-04,1.88E-04,3.03E-04,3.03E-04,3.36E-06,3.36E-06,4.42E-05,4.42456E-05
0.27,0.000104141,0.00663879,0.0256456,0.247333,0.671209,0.00471063,0.00471063,0.01598825,0.01598825,0.002852715,0.002852715,0.00036531,6.42E-05,8.36E-07,1.76E-04,1.76E-04,3.40E-05,3.40E-05,8.90E-07,1.92E-04,1.92E-04,3.15E-04,3.15E-04,3.52E-06,3.52E-06,4.70E-05,4.69587E-05
0.275,0.000109728,0.00692897,0.026269,0.249093,0.667886,0.00468952,0.00468952,0.01620645,0.01620645,0.00293703,0.00293703,0.000383153,6.86E-05,9.05E-07,1.85E-04,1.85E-04,3.63E-05,3.63E-05,9.63E-07,1.95E-04,1.95E-04,3.28E-04,3.28E-04,3.69E-06,3.69E-06,4.98E-05,4.97674E-05
0.28,0.000115473,0.0072249,0.026891,0.250794,0.66462,0.004668785,0.004668785,0.01642155,0.01642155,0.00302153,0.00302153,0.000401413,7.33E-05,9.77E-07,1.93E-04,1.93E-04,3.88E-05,3.88E-05,1.04E-06,1.98E-04,1.98E-04,3.40E-04,3.40E-04,3.86E-06,3.86E-06,5.27E-05,0.000052672
0.285,0.000121374,0.00752651,0.0275115,0.252439,0.661411,0.00464841,0.00464841,0.01663355,0.01663355,0.00310619,0.00310619,0.000420085,7.82E-05,1.05E-06,2.02E-04,2.02E-04,4.13E-05,4.13E-05,1.12E-06,2.01E-04,2.01E-04,3.52E-04,3.52E-04,4.03E-06,4.03E-06,5.57E-05,0.000055673
0.29,0.000127432,0.00783373,0.0281304,0.254028,0.658256,0.00462839,0.00462839,0.0168426,0.0168426,0.00319097,0.00319097,0.000439166,8.33E-05,1.13E-06,2.11E-04,2.11E-04,4.40E-05,4.40E-05,1.20E-06,2.05E-04,2.05E-04,3.65E-04,3.65E-04,4.21E-06,4.21E-06,5.88E-05,5.87715E-05
0.295,0.000133644,0.00814648,0.0287476,0.255563,0.655154,0.00460872,0.00460872,0.0170487,0.0170487,0.00327585,0.00327585,0.00045865,8.86E-05,1.22E-06,2.21E-04,2.21E-04,4.68E-05,4.68E-05,1.29E-06,2.08E-04,2.08E-04,3.78E-04,3.78E-04,4.39E-06,4.39E-06,6.20E-05,6.19665E-05
0.3,0.000140011,0.0084647,0.0293627,0.257046,0.652105,0.00458939,0.00458939,0.0172519,0.0172519,0.0033608,0.0033608,0.000478533,9.42E-05,1.31E-06,2.30E-04,2.30E-04,4.97E-05,4.97E-05,1.39E-06,2.11E-04,2.11E-04,3.91E-04,3.91E-04,4.57E-06,4.57E-06,6.53E-05,0.000065259
0.305,0.000146532,0.00878829,0.0299759,0.258477,0.649107,0.0045704,0.0045704,0.01745235,0.01745235,0.0034458,0.0034458,0.00049881,9.99E-05,1.40E-06,2.40E-04,2.40E-04,5.26E-05,5.26E-05,1.49E-06,2.14E-04,2.14E-04,4.04E-04,4.04E-04,4.76E-06,4.76E-06,6.86E-05,6.86495E-05
0.31,0.000153204,0.0091172,0.0305869,0.259859,0.646158,0.00455174,0.00455174,0.01765005,0.01765005,0.00353082,0.00353082,0.000519478,0.000105889,1.50E-06,2.50E-04,2.50E-04,5.57E-05,5.57E-05,1.59E-06,2.17E-04,2.17E-04,4.17E-04,4.17E-04,4.95E-06,4.95E-06,7.21E-05,7.21375E-05
0.315,0.000160028,0.00945133,0.0311955,0.261193,0.643257,0.004533405,0.004533405,0.01784505,0.01784505,0.003615835,0.003615835,0.00054053,0.000112094,1.60E-06,2.60E-04,2.60E-04,5.90E-05,5.90E-05,1.70E-06,2.20E-04,2.20E-04,4.30E-04,4.30E-04,5.15E-06,5.15E-06,7.57E-05,7.57235E-05
0.32,0.000167001,0.00979061,0.0318018,0.262479,0.640404,0.004515385,0.004515385,0.01803745,0.01803745,0.00370083,0.00370083,0.000561963,0.000118529,1.71E-06,2.70E-04,2.70E-04,6.23E-05,6.23E-05,1.81E-06,2.23E-04,2.23E-04,4.44E-04,4.44E-04,5.34E-06,5.34E-06,7.94E-05,0.000079408
0.325,0.000174123,0.010135,0.0324056,0.26372,0.637597,0.004497675,0.004497675,0.01822725,0.01822725,0.003785775,0.003785775,0.000583771,0.000125197,1.82E-06,2.80E-04,2.80E-04,6.57E-05,6.57E-05,1.93E-06,2.25E-04,2.25E-04,4.57E-04,4.57E-04,5.54E-06,5.54E-06,8.32E-05,8.31905E-05
0.33,0.000181392,0.0104843,0.0330068,0.264915,0.634835,0.004480265,0.004480265,0.0184146,0.0184146,0.00387066,0.00387066,0.000605948,0.000132101,1.94E-06,2.91E-04,2.91E-04,6.93E-05,6.93E-05,2.05E-06,2.28E-04,2.28E-04,4.71E-04,4.71E-04,5.75E-06,5.75E-06,8.71E-05,8.70715E-05
0.335,0.000188807,0.0108386,0.0336053,0.266068,0.632118,0.00446315,0.00446315,0.01859945,0.01859945,0.003955455,0.003955455,0.000628491,0.000139245,2.06E-06,3.01E-04,3.01E-04,7.30E-05,7.30E-05,2.18E-06,2.31E-04,2.31E-04,4.85E-04,4.85E-04,5.96E-06,5.96E-06,9.11E-05,0.00009105
0.34,0.000196366,0.0111977,0.034201,0.267178,0.629443,0.00444633,0.00444633,0.01878185,0.01878185,0.004040145,0.004040145,0.000651395,0.00014663,2.19E-06,3.12E-04,3.12E-04,7.68E-05,7.68E-05,2.31E-06,2.34E-04,2.34E-04,4.98E-04,4.98E-04,6.17E-06,6.17E-06,9.51E-05,9.51275E-05
0.345,0.000204068,0.0115615,0.0347939,0.268246,0.626811,0.00442979,0.00442979,0.01896195,0.01896195,0.004124715,0.004124715,0.000674653,0.000154259,2.33E-06,3.23E-04,3.23E-04,8.07E-05,8.07E-05,2.45E-06,2.37E-04,2.37E-04,5.12E-04,5.12E-04,6.38E-06,6.38E-06,9.93E-05,9.93025E-05
0.35,0.000211911,0.01193,0.0353839,0.269275,0.624219,0.004413525,0.004413525,0.01913975,0.01913975,0.004209145,0.004209145,0.00069826,0.000162136,2.46E-06,3.34E-04,3.34E-04,8.48E-05,8.48E-05,2.59E-06,2.39E-04,2.39E-04,5.26E-04,5.26E-04,6.60E-06,6.60E-06,1.04E-04,0.000103576
0.355,0.000219894,0.0123031,0.0359709,0.270265,0.621668,0.004397535,0.004397535,0.01931525,0.01931525,0.00429342,0.00429342,0.000722213,0.000170261,2.61E-06,3.46E-04,3.46E-04,8.89E-05,8.89E-05,2.74E-06,2.42E-04,2.42E-04,5.41E-04,5.41E-04,6.82E-06,6.82E-06,1.08E-04,0.000107947
0.36,0.000228015,0.0126808,0.0365548,0.271216,0.619155,0.004381805,0.004381805,0.01948855,0.01948855,0.004377525,0.004377525,0.000746504,0.000178638,2.76E-06,3.57E-04,3.57E-04,9.32E-05,9.32E-05,2.89E-06,2.45E-04,2.45E-04,5.55E-04,5.55E-04,7.04E-06,7.04E-06,1.12E-04,0.000112416
0.365,0.000236273,0.0130628,0.0371356,0.272131,0.616681,0.004366335,0.004366335,0.01965965,0.01965965,0.004461445,0.004461445,0.00077113,0.000187269,2.91E-06,3.69E-04,3.69E-04,9.77E-05,9.77E-05,3.05E-06,2.47E-04,2.47E-04,5.69E-04,5.69E-04,7.27E-06,7.27E-06,1.17E-04,0.000116982
0.37,0.000244665,0.0134492,0.0377132,0.273009,0.614245,0.004351115,0.004351115,0.0198287,0.0198287,0.004545165,0.004545165,0.000796085,0.000196157,3.07E-06,3.80E-04,3.80E-04,1.02E-04,1.02E-04,3.22E-06,2.50E-04,2.50E-04,5.84E-04,5.84E-04,7.49E-06,7.49E-06,1.22E-04,0.000121645
0.375,0.000253189,0.0138398,0.0382877,0.273852,0.611844,0.004336145,0.004336145,0.0199956,0.0199956,0.004628675,0.004628675,0.000821364,0.000205302,3.24E-06,3.92E-04,3.92E-04,1.07E-04,1.07E-04,3.39E-06,2.52E-04,2.52E-04,5.98E-04,5.98E-04,7.73E-06,7.73E-06,1.26E-04,0.000126405
0.38,0.000261845,0.0142346,0.0388588,0.274662,0.60948,0.004321415,0.004321415,0.0201605,0.0201605,0.004711955,0.004711955,0.000846961,0.000214707,3.41E-06,4.04E-04,4.04E-04,1.12E-04,1.12E-04,3.57E-06,2.55E-04,2.55E-04,6.13E-04,6.13E-04,7.96E-06,7.96E-06,1.31E-04,0.000131263
0.385,0.000270631,0.0146336,0.0394267,0.275438,0.60715,0.00430692,0.00430692,0.02032335,0.02032335,0.004795,0.004795,0.000872872,0.000224375,3.59E-06,4.17E-04,4.17E-04,1.17E-04,1.17E-04,3.75E-06,2.57E-04,2.57E-04,6.28E-04,6.28E-04,8.20E-06,8.20E-06,1.36E-04,0.000136216
0.39,0.000279544,0.0150365,0.0399912,0.276182,0.604855,0.00429265,0.00429265,0.02048425,0.02048425,0.0048778,0.0048778,0.00089909,0.000234306,3.77E-06,4.29E-04,4.29E-04,1.22E-04,1.22E-04,3.94E-06,2.60E-04,2.60E-04,6.43E-04,6.43E-04,8.44E-06,8.44E-06,1.41E-04,0.000141266
0.395,0.000288582,0.0154434,0.0405523,0.276894,0.602593,0.00427861,0.00427861,0.02064325,0.02064325,0.004960335,0.004960335,0.000925612,0.000244503,3.96E-06,4.41E-04,4.41E-04,1.27E-04,1.27E-04,4.14E-06,2.62E-04,2.62E-04,6.58E-04,6.58E-04,8.68E-06,8.68E-06,1.46E-04,0.000146411
0.4,0.000297745,0.0158542,0.04111,0.277576,0.600363,0.00426479,0.00426479,0.02080035,0.02080035,0.0050426,0.0050426,0.000952432,0.000254967,4.16E-06,4.54E-04,4.54E-04,1.32E-04,1.32E-04,4.34E-06,2.65E-04,2.65E-04,6.73E-04,6.73E-04,8.93E-06,8.93E-06,1.52E-04,0.000151652
0.405,0.000307029,0.0162687,0.0416643,0.278227,0.598165,0.00425118,0.00425118,0.0209556,0.0209556,0.0051246,0.0051246,0.000979544,0.000265699,4.36E-06,4.67E-04,4.67E-04,1.38E-04,1.38E-04,4.54E-06,2.67E-04,2.67E-04,6.88E-04,6.88E-04,9.18E-06,9.18E-06,1.57E-04,0.000156988
0.41,0.000316434,0.0166869,0.0422151,0.27885,0.595998,0.00423778,0.00423778,0.02110905,0.02110905,0.0052063,0.0052063,0.00100694,0.000276702,4.57E-06,4.80E-04,4.80E-04,1.43E-04,1.43E-04,4.76E-06,2.69E-04,2.69E-04,7.03E-04,7.03E-04,9.43E-06,9.43E-06,1.62E-04,0.000162418
0.415,0.000325956,0.0171087,0.0427624,0.279445,0.593861,0.004224585,0.004224585,0.0212607,0.0212607,0.0052877,0.0052877,0.00103463,0.000287977,4.78E-06,4.93E-04,4.93E-04,1.49E-04,1.49E-04,4.98E-06,2.72E-04,2.72E-04,7.18E-04,7.18E-04,9.69E-06,9.69E-06,1.68E-04,0.000167943
0.42,0.000335595,0.0175341,0.0433062,0.280012,0.591754,0.00421159,0.00421159,0.02141065,0.02141065,0.0053688,0.0053688,0.00106259,0.000299524,5.00E-06,5.06E-04,5.06E-04,1.55E-04,1.55E-04,5.20E-06,2.74E-04,2.74E-04,7.34E-04,7.34E-04,9.95E-06,9.95E-06,1.74E-04,0.000173562
0.425,0.000345348,0.017963,0.0438465,0.280552,0.589676,0.00419879,0.00419879,0.02155885,0.02155885,0.00544955,0.00544955,0.00109082,0.000311346,5.23E-06,5.19E-04,5.19E-04,1.61E-04,1.61E-04,5.44E-06,2.76E-04,2.76E-04,7.49E-04,7.49E-04,1.02E-05,1.02E-05,1.79E-04,0.000179273
0.43,0.000355213,0.0183952,0.0443832,0.281067,0.587626,0.00418618,0.00418618,0.02170535,0.02170535,0.00553,0.00553,0.00111932,0.000323443,5.46E-06,5.32E-04,5.32E-04,1.67E-04,1.67E-04,5.67E-06,2.79E-04,2.79E-04,7.65E-04,7.65E-04,1.05E-05,1.05E-05,1.85E-04,0.000185078
0.435,0.000365189,0.0188307,0.0449164,0.281556,0.585604,0.00417376,0.00417376,0.0218502,0.0218502,0.00561015,0.00561015,0.00114808,0.000335816,5.70E-06,5.46E-04,5.46E-04,1.73E-04,1.73E-04,5.92E-06,2.81E-04,2.81E-04,7.80E-04,7.80E-04,1.07E-05,1.07E-05,1.91E-04,0.000190975
0.44,0.000375274,0.0192695,0.045446,0.28202,0.58361,0.004161515,0.004161515,0.02199345,0.02199345,0.00568995,0.00568995,0.00117711,0.000348467,5.95E-06,5.59E-04,5.59E-04,1.80E-04,1.80E-04,6.17E-06,2.83E-04,2.83E-04,7.96E-04,7.96E-04,1.10E-05,1.10E-05,1.97E-04,0.000196964
0.445,0.000385464,0.0197114,0.045972,0.282461,0.581641,0.00414945,0.00414945,0.0221351,0.0221351,0.0057694,0.0057694,0.00120638,0.000361397,6.20E-06,5.73E-04,5.73E-04,1.86E-04,1.86E-04,6.43E-06,2.85E-04,2.85E-04,8.12E-04,8.12E-04,1.13E-05,1.13E-05,2.03E-04,0.000203044
0.45,0.00039576,0.0201564,0.0464945,0.282878,0.579699,0.00413756,0.00413756,0.0222752,0.0222752,0.0058485,0.0058485,0.0012359,0.000374605,6.46E-06,5.87E-04,5.87E-04,1.93E-04,1.93E-04,6.69E-06,2.87E-04,2.87E-04,8.27E-04,8.27E-04,1.16E-05,1.16E-05,2.09E-04,0.000209215
0.455,0.000406158,0.0206044,0.0470134,0.283273,0.577781,0.00412584,0.00412584,0.02241375,0.02241375,0.00592725,0.00592725,0.00126567,0.000388094,6.73E-06,6.01E-04,6.01E-04,1.99E-04,1.99E-04,6.96E-06,2.89E-04,2.89E-04,8.43E-04,8.43E-04,1.18E-05,1.18E-05,2.15E-04,0.000215477
0.46,0.000416656,0.0210553,0.0475287,0.283645,0.575889,0.00411428,0.00411428,0.02255075,0.02255075,0.00600565,0.00600565,0.00129567,0.000401863,7.01E-06,6.15E-04,6.15E-04,2.06E-04,2.06E-04,7.24E-06,2.92E-04,2.92E-04,8.59E-04,8.59E-04,1.21E-05,1.21E-05,2.22E-04,0.000221828
0.465,0.000427253,0.0215091,0.0480404,0.283996,0.574021,0.004102885,0.004102885,0.0226863,0.0226863,0.0060837,0.0060837,0.00132591,0.000415914,7.29E-06,6.29E-04,6.29E-04,2.13E-04,2.13E-04,7.53E-06,2.94E-04,2.94E-04,8.75E-04,8.75E-04,1.24E-05,1.24E-05,2.28E-04,0.000228268
0.47,0.000437947,0.0219657,0.0485485,0.284326,0.572176,0.00409165,0.00409165,0.0228204,0.0228204,0.00616135,0.00616135,0.00135638,0.000430246,7.57E-06,6.43E-04,6.43E-04,2.21E-04,2.21E-04,7.82E-06,2.96E-04,2.96E-04,8.91E-04,8.91E-04,1.27E-05,1.27E-05,2.35E-04,0.000234797
0.475,0.000448736,0.0224249,0.0490531,0.284636,0.570354,0.004080565,0.004080565,0.0229531,0.0229531,0.00623865,0.00623865,0.00138707,0.000444861,7.87E-06,6.58E-04,6.58E-04,2.28E-04,2.28E-04,8.12E-06,2.98E-04,2.98E-04,9.08E-04,9.08E-04,1.30E-05,1.30E-05,2.41E-04,0.000241415
0.48,0.000459618,0.0228869,0.0495541,0.284926,0.568555,0.004069635,0.004069635,0.02308435,0.02308435,0.00631555,0.00631555,0.00141798,0.00045976,8.17E-06,6.72E-04,6.72E-04,2.35E-04,2.35E-04,8.42E-06,3.00E-04,3.00E-04,9.24E-04,9.24E-04,1.33E-05,1.33E-05,2.48E-04,0.000248119
0.485,0.00047059,0.0233513,0.0500515,0.285196,0.566779,0.00405885,0.00405885,0.0232142,0.0232142,0.0063921,0.0063921,0.00144911,0.000474941,8.48E-06,6.87E-04,6.87E-04,2.43E-04,2.43E-04,8.73E-06,3.02E-04,3.02E-04,9.40E-04,9.40E-04,1.36E-05,1.36E-05,2.55E-04,0.000254911
0.49,0.000481652,0.0238183,0.0505454,0.285448,0.565024,0.00404821,0.00404821,0.02334275,0.02334275,0.00646825,0.00646825,0.00148045,0.000490406,8.79E-06,7.01E-04,7.01E-04,2.51E-04,2.51E-04,9.05E-06,3.04E-04,3.04E-04,9.56E-04,9.56E-04,1.39E-05,1.39E-05,2.62E-04,0.000261789
0.495,0.0004928,0.0242877,0.0510357,0.285682,0.56329,0.00403771,0.00403771,0.0234699,0.0234699,0.00654405,0.00654405,0.001512,0.000506156,9.12E-06,7.16E-04,7.16E-04,2.59E-04,2.59E-04,9.37E-06,3.06E-04,3.06E-04,9.73E-04,9.73E-04,1.42E-05,1.42E-05,2.69E-04,0.000268753
0.5,0.000504034,0.0247595,0.0515225,0.285898,0.561576,0.004027345,0.004027345,0.02359575,0.02359575,0.0066194,0.0066194,0.00154375,0.000522189,9.44E-06,7.31E-04,7.31E-04,2.67E-04,2.67E-04,9.71E-06,3.08E-04,3.08E-04,9.89E-04,9.89E-04,1.45E-05,1.45E-05,2.76E-04,0.000275802
0.505,0.000515351,0.0252335,0.0520058,0.286097,0.559883,0.00401712,0.00401712,0.0237203,0.0237203,0.0066944,0.0066944,0.0015757,0.000538507,9.78E-06,7.46E-04,7.46E-04,2.75E-04,2.75E-04,1.00E-05,3.10E-04,3.10E-04,1.01E-03,1.01E-03,1.48E-05,1.48E-05,2.83E-04,0.000282936
0.51,0.00052675,0.0257098,0.0524856,0.286279,0.55821,0.004007025,0.004007025,0.0238436,0.0238436,0.00676905,0.00676905,0.00160784,0.000555109,1.01E-05,7.60E-04,7.60E-04,2.83E-04,2.83E-04,1.04E-05,3.12E-04,3.12E-04,1.02E-03,1.02E-03,1.51E-05,1.51E-05,2.90E-04,0.000290153
0.515,0.000538228,0.0261882,0.0529618,0.286445,0.556557,0.003997055,0.003997055,0.02396565,0.02396565,0.00684325,0.00684325,0.00164018,0.000571995,1.05E-05,7.76E-04,7.76E-04,2.91E-04,2.91E-04,1.07E-05,3.14E-04,3.14E-04,1.04E-03,1.04E-03,1.54E-05,1.54E-05,2.97E-04,0.000297454
0.52,0.000549783,0.0266687,0.0534346,0.286595,0.554922,0.00398721,0.00398721,0.02408645,0.02408645,0.00691705,0.00691705,0.0016727,0.000589166,1.08E-05,7.91E-04,7.91E-04,3.00E-04,3.00E-04,1.11E-05,3.16E-04,3.16E-04,1.06E-03,1.06E-03,1.57E-05,1.57E-05,3.05E-04,0.000304838
0.525,0.000561415,0.0271513,0.053904,0.286729,0.553306,0.00397749,0.00397749,0.024206,0.024206,0.00699045,0.00699045,0.0017054,0.000606621,1.12E-05,8.06E-04,8.06E-04,3.09E-04,3.09E-04,1.15E-05,3.17E-04,3.17E-04,1.07E-03,1.07E-03,1.60E-05,1.60E-05,3.12E-04,0.000312303
0.53,0.00057312,0.0276358,0.0543698,0.286849,0.551708,0.00396789,0.00396789,0.0243244,0.0243244,0.0070635,0.0070635,0.00173829,0.000624361,1.16E-05,8.21E-04,8.21E-04,3.18E-04,3.18E-04,1.18E-05,3.19E-04,3.19E-04,1.09E-03,1.09E-03,1.63E-05,1.63E-05,3.20E-04,0.00031985
0.535,0.000584897,0.0281222,0.0548323,0.286954,0.550128,0.003958405,0.003958405,0.0244416,0.0244416,0.0071361,0.0071361,0.00177134,0.000642385,1.19E-05,8.37E-04,8.37E-04,3.26E-04,3.26E-04,1.22E-05,3.21E-04,3.21E-04,1.11E-03,1.11E-03,1.66E-05,1.66E-05,3.27E-04,0.000327478
0.54,0.000596745,0.0286105,0.0552913,0.287045,0.548565,0.00394904,0.00394904,0.02455765,0.02455765,0.0072083,0.0072083,0.00180457,0.000660692,1.23E-05,8.52E-04,8.52E-04,3.36E-04,3.36E-04,1.26E-05,3.23E-04,3.23E-04,1.12E-03,1.12E-03,1.70E-05,1.70E-05,3.35E-04,0.000335186
0.545,0.000608661,0.0291005,0.055747,0.287122,0.547019,0.00393978,0.00393978,0.02467255,0.02467255,0.00728015,0.00728015,0.00183796,0.000679283,1.27E-05,8.67E-04,8.67E-04,3.45E-04,3.45E-04,1.30E-05,3.25E-04,3.25E-04,1.14E-03,1.14E-03,1.73E-05,1.73E-05,3.43E-04,0.000342974
0.55,0.000620645,0.0295922,0.0561993,0.287186,0.545491,0.003930635,0.003930635,0.02478635,0.02478635,0.00735155,0.00735155,0.00187152,0.000698158,1.31E-05,8.83E-04,8.83E-04,3.54E-04,3.54E-04,1.34E-05,3.27E-04,3.27E-04,1.16E-03,1.16E-03,1.76E-05,1.76E-05,3.51E-04,0.00035084
0.555,0.000632693,0.0300856,0.0566482,0.287236,0.543978,0.003921595,0.003921595,0.02489905,0.02489905,0.00742255,0.00742255,0.00190524,0.000717315,1.35E-05,8.99E-04,8.99E-04,3.64E-04,3.64E-04,1.38E-05,3.28E-04,3.28E-04,1.17E-03,1.17E-03,1.80E-05,1.80E-05,3.59E-04,0.000358785
0.56,0.000644804,0.0305806,0.0570939,0.287275,0.542481,0.00391266,0.00391266,0.0250106,0.0250106,0.00749315,0.00749315,0.00193911,0.000736754,1.40E-05,9.14E-04,9.14E-04,3.73E-04,3.73E-04,1.42E-05,3.30E-04,3.30E-04,1.19E-03,1.19E-03,1.83E-05,1.83E-05,3.67E-04,0.000366807
0.565,0.000656977,0.0310771,0.0575362,0.2873,0.541,0.003903825,0.003903825,0.0251211,0.0251211,0.00756335,0.00756335,0.00197314,0.000756476,1.44E-05,9.30E-04,9.30E-04,3.83E-04,3.83E-04,1.46E-05,3.32E-04,3.32E-04,1.21E-03,1.21E-03,1.86E-05,1.86E-05,3.75E-04,0.000374907
0.57,0.000669209,0.0315752,0.0579752,0.287314,0.539535,0.00389509,0.00389509,0.02523055,0.02523055,0.0076331,0.0076331,0.00200731,0.000776479,1.48E-05,9.46E-04,9.46E-04,3.93E-04,3.93E-04,1.51E-05,3.34E-04,3.34E-04,1.23E-03,1.23E-03,1.90E-05,1.90E-05,3.83E-04,0.000383082
0.575,0.0006815,0.0320746,0.058411,0.287316,0.538084,0.003886455,0.003886455,0.02533895,0.02533895,0.0077025,0.0077025,0.00204163,0.000796764,1.52E-05,9.62E-04,9.62E-04,4.03E-04,4.03E-04,1.55E-05,3.35E-04,3.35E-04,1.24E-03,1.24E-03,1.93E-05,1.93E-05,3.91E-04,0.000391334
0.58,0.000693847,0.0325754,0.0588435,0.287307,0.536649,0.003877915,0.003877915,0.02544635,0.02544635,0.0077715,0.0077715,0.00207609,0.000817328,1.57E-05,9.78E-04,9.78E-04,4.13E-04,4.13E-04,1.59E-05,3.37E-04,3.37E-04,1.26E-03,1.26E-03,1.96E-05,1.96E-05,4.00E-04,0.00039966
0.585,0.000706249,0.0330775,0.0592728,0.287287,0.535227,0.00386947,0.00386947,0.0255527,0.0255527,0.00784005,0.00784005,0.0021107,0.000838173,1.61E-05,9.94E-04,9.94E-04,4.23E-04,4.23E-04,1.64E-05,3.39E-04,3.39E-04,1.28E-03,1.28E-03,2.00E-05,2.00E-05,4.08E-04,0.000408061
0.59,0.000718704,0.0335809,0.059699,0.287256,0.53382,0.003861115,0.003861115,0.02565805,0.02565805,0.0079082,0.0079082,0.00214543,0.000859297,1.66E-05,1.01E-03,1.01E-03,4.34E-04,4.34E-04,1.69E-05,3.40E-04,3.40E-04,1.30E-03,1.30E-03,2.03E-05,2.03E-05,4.17E-04,0.000416536
0.595,0.000731211,0.0340855,0.060122,0.287215,0.532427,0.00385285,0.00385285,0.0257624,0.0257624,0.007976,0.007976,0.0021803,0.000880699,1.71E-05,1.03E-03,1.03E-03,4.44E-04,4.44E-04,1.73E-05,3.42E-04,3.42E-04,1.31E-03,1.31E-03,2.07E-05,2.07E-05,4.25E-04,0.000425083
0.6,0.000743768,0.0345912,0.0605418,0.287164,0.531047,0.003844675,0.003844675,0.0258658,0.0258658,0.00804335,0.00804335,0.0022153,0.000902379,1.75E-05,1.04E-03,1.04E-03,4.55E-04,4.55E-04,1.78E-05,3.44E-04,3.44E-04,1.33E-03,1.33E-03,2.10E-05,2.10E-05,4.34E-04,0.000433704
0.605,0.000756373,0.0350981,0.0609585,0.287103,0.529681,0.003836585,0.003836585,0.02596825,0.02596825,0.0081103,0.0081103,0.00225043,0.000924335,1.80E-05,1.06E-03,1.06E-03,4.66E-04,4.66E-04,1.83E-05,3.45E-04,3.45E-04,1.35E-03,1.35E-03,2.14E-05,2.14E-05,4.42E-04,0.000442396
0.61,0.000769024,0.035606,0.0613722,0.287033,0.528327,0.003828575,0.003828575,0.0260697,0.0260697,0.00817685,0.00817685,0.00228567,0.000946568,1.85E-05,1.07E-03,1.07E-03,4.76E-04,4.76E-04,1.87E-05,3.47E-04,3.47E-04,1.37E-03,1.37E-03,2.17E-05,2.17E-05,4.51E-04,0.000451159
0.615,0.000781721,0.0361149,0.0617828,0.286953,0.526986,0.00382065,0.00382065,0.02617025,0.02617025,0.008243,0.008243,0.00232104,0.000969077,1.90E-05,1.09E-03,1.09E-03,4.87E-04,4.87E-04,1.92E-05,3.49E-04,3.49E-04,1.38E-03,1.38E-03,2.21E-05,2.21E-05,4.60E-04,0.000459993
0.62,0.000794462,0.0366247,0.0621903,0.286865,0.525658,0.003812805,0.003812805,0.0262699,0.0262699,0.00830875,0.00830875,0.00235653,0.00099186,1.95E-05,1.11E-03,1.11E-03,4.99E-04,4.99E-04,1.97E-05,3.50E-04,3.50E-04,1.40E-03,1.40E-03,2.25E-05,2.25E-05,4.69E-04,0.000468897
0.625,0.000807245,0.0371355,0.0625948,0.286768,0.524342,0.00380504,0.00380504,0.0263686,0.0263686,0.0083741,0.0083741,0.00239213,0.00101492,2.00E-05,1.12E-03,1.12E-03,5.10E-04,5.10E-04,2.02E-05,3.52E-04,3.52E-04,1.42E-03,1.42E-03,2.28E-05,2.28E-05,4.78E-04,0.00047787
0.63,0.000820068,0.0376471,0.0629964,0.286662,0.523039,0.00379735,0.00379735,0.0264664,0.0264664,0.00843905,0.00843905,0.00242784,0.00103824,2.05E-05,1.14E-03,1.14E-03,5.21E-04,5.21E-04,2.07E-05,3.53E-04,3.53E-04,1.44E-03,1.44E-03,2.32E-05,2.32E-05,4.87E-04,0.000486911
0.635,0.000832931,0.0381595,0.063395,0.286548,0.521746,0.003789735,0.003789735,0.02656335,0.02656335,0.0085036,0.0085036,0.00246366,0.00106185,2.11E-05,1.16E-03,1.16E-03,5.33E-04,5.33E-04,2.13E-05,3.55E-04,3.55E-04,1.45E-03,1.45E-03,2.36E-05,2.36E-05,4.96E-04,0.000496021
0.64,0.000845831,0.0386726,0.0637907,0.286426,0.520466,0.003782195,0.003782195,0.0266594,0.0266594,0.00856775,0.00856775,0.00249958,0.00108572,2.16E-05,1.17E-03,1.17E-03,5.45E-04,5.45E-04,2.18E-05,3.57E-04,3.57E-04,1.47E-03,1.47E-03,2.39E-05,2.39E-05,5.05E-04,0.0005052
0.645,0.000858768,0.0391865,0.0641834,0.286297,0.519197,0.003774725,0.003774725,0.02675455,0.02675455,0.0086315,0.0086315,0.00253561,0.00110986,2.21E-05,1.19E-03,1.19E-03,5.56E-04,5.56E-04,2.23E-05,3.58E-04,3.58E-04,1.49E-03,1.49E-03,2.43E-05,2.43E-05,5.14E-04,0.00051444
0.65,0.00087174,0.0397011,0.0645733,0.286159,0.517939,0.003767325,0.003767325,0.0268489,0.0268489,0.00869485,0.00869485,0.00257174,0.00113427,2.27E-05,1.21E-03,1.21E-03,5.68E-04,5.68E-04,2.29E-05,3.60E-04,3.60E-04,1.51E-03,1.51E-03,2.47E-05,2.47E-05,5.24E-04,0.00052375
0.655,0.000884745,0.0402163,0.0649604,0.286015,0.516692,0.00376,0.00376,0.02694235,0.02694235,0.0087578,0.0087578,0.00260797,0.00115895,2.32E-05,1.22E-03,1.22E-03,5.80E-04,5.80E-04,2.34E-05,3.61E-04,3.61E-04,1.53E-03,1.53E-03,2.51E-05,2.51E-05,5.33E-04,0.00053313
0.66,0.000897783,0.0407321,0.0653446,0.285864,0.515455,0.00375274,0.00375274,0.027035,0.027035,0.0088204,0.0088204,0.00264429,0.00118389,2.38E-05,1.24E-03,1.24E-03,5.92E-04,5.92E-04,2.39E-05,3.63E-04,3.63E-04,1.54E-03,1.54E-03,2.54E-05,2.54E-05,5.43E-04,0.00054257
0.665,0.000910852,0.0412484,0.065726,0.285705,0.514229,0.003745545,0.003745545,0.02712685,0.02712685,0.0088826,0.0088826,0.00268071,0.0012091,2.44E-05,1.26E-03,1.26E-03,6.05E-04,6.05E-04,2.45E-05,3.64E-04,3.64E-04,1.56E-03,1.56E-03,2.58E-05,2.58E-05,5.52E-04,0.000552075
0.67,0.00092395,0.0417652,0.0661047,0.28554,0.513013,0.003738415,0.003738415,0.02721785,0.02721785,0.0089444,0.0089444,0.00271721,0.00123457,2.49E-05,1.27E-03,1.27E-03,6.17E-04,6.17E-04,2.51E-05,3.66E-04,3.66E-04,1.58E-03,1.58E-03,2.62E-05,2.62E-05,5.62E-04,0.00056164
0.675,0.000937076,0.0422825,0.0664806,0.285369,0.511808,0.003731345,0.003731345,0.02730805,0.02730805,0.0090058,0.0090058,0.00275381,0.00126031,2.55E-05,1.29E-03,1.29E-03,6.30E-04,6.30E-04,2.56E-05,3.67E-04,3.67E-04,1.60E-03,1.60E-03,2.66E-05,2.66E-05,5.71E-04,0.000571275
0.68,0.000950229,0.0428002,0.0668538,0.285191,0.510612,0.003724345,0.003724345,0.02739745,0.02739745,0.0090668,0.0090668,0.00279049,0.00128631,2.61E-05,1.31E-03,1.31E-03,6.42E-04,6.42E-04,2.62E-05,3.69E-04,3.69E-04,1.62E-03,1.62E-03,2.70E-05,2.70E-05,5.81E-04,0.00058097
0.685,0.000963408,0.0433183,0.0672243,0.285008,0.509426,0.0037174,0.0037174,0.02748605,0.02748605,0.00912745,0.00912745,0.00282725,0.00131257,2.67E-05,1.32E-03,1.32E-03,6.55E-04,6.55E-04,2.68E-05,3.70E-04,3.70E-04,1.63E-03,1.63E-03,2.74E-05,2.74E-05,5.91E-04,0.000590725
0.69,0.000976611,0.0438367,0.0675921,0.284818,0.50825,0.003710515,0.003710515,0.0275739,0.0275739,0.0091877,0.0091877,0.00286409,0.00133909,2.73E-05,1.34E-03,1.34E-03,6.68E-04,6.68E-04,2.74E-05,3.72E-04,3.72E-04,1.65E-03,1.65E-03,2.78E-05,2.78E-05,6.01E-04,0.00060054
0.695,0.000989837,0.0443554,0.0679573,0.284623,0.507083,0.00370369,0.00370369,0.027661,0.027661,0.0092476,0.0092476,0.00290102,0.00136587,2.79E-05,1.36E-03,1.36E-03,6.81E-04,6.81E-04,2.80E-05,3.73E-04,3.73E-04,1.67E-03,1.67E-03,2.82E-05,2.82E-05,6.10E-04,0.00061042
0.7,0.00100309,0.0448744,0.0683199,0.284422,0.505925,0.003696925,0.003696925,0.0277473,0.0277473,0.00930705,0.00930705,0.00293802,0.0013929,2.85E-05,1.38E-03,1.38E-03,6.94E-04,6.94E-04,2.86E-05,3.74E-04,3.74E-04,1.69E-03,1.69E-03,2.86E-05,2.86E-05,6.20E-04,0.000620355
0.705,0.00101635,0.0453936,0.0686799,0.284216,0.504776,0.00369021,0.00369021,0.02783285,0.02783285,0.0093662,0.0093662,0.00297509,0.00142019,2.92E-05,1.39E-03,1.39E-03,7.07E-04,7.07E-04,2.92E-05,3.76E-04,3.76E-04,1.71E-03,1.71E-03,2.90E-05,2.90E-05,6.30E-04,0.000630355
0.71,0.00102964,0.045913,0.0690373,0.284004,0.503636,0.003683555,0.003683555,0.0279177,0.0279177,0.00942495,0.00942495,0.00301224,0.00144774,2.98E-05,1.41E-03,1.41E-03,7.21E-04,7.21E-04,2.98E-05,3.77E-04,3.77E-04,1.73E-03,1.73E-03,2.94E-05,2.94E-05,6.40E-04,0.00064041
0.715,0.00104295,0.0464326,0.0693922,0.283788,0.502505,0.003676955,0.003676955,0.0280018,0.0280018,0.0094833,0.0094833,0.00304945,0.00147554,3.04E-05,1.43E-03,1.43E-03,7.34E-04,7.34E-04,3.04E-05,3.79E-04,3.79E-04,1.75E-03,1.75E-03,2.98E-05,2.98E-05,6.51E-04,0.000650525
0.72,0.00105627,0.0469522,0.0697447,0.283566,0.501382,0.003670405,0.003670405,0.02808515,0.02808515,0.0095413,0.0095413,0.00308674,0.00150359,3.11E-05,1.44E-03,1.44E-03,7.48E-04,7.48E-04,3.11E-05,3.80E-04,3.80E-04,1.76E-03,1.76E-03,3.02E-05,3.02E-05,6.61E-04,0.0006607
0.725,0.00106961,0.047472,0.0700946,0.28334,0.500268,0.003663905,0.003663905,0.0281678,0.0281678,0.0095989,0.0095989,0.00312409,0.00153189,3.17E-05,1.46E-03,1.46E-03,7.61E-04,7.61E-04,3.17E-05,3.81E-04,3.81E-04,1.78E-03,1.78E-03,3.06E-05,3.06E-05,6.71E-04,0.00067093
0.73,0.00108297,0.0479918,0.0704421,0.28311,0.499162,0.003657455,0.003657455,0.02824975,0.02824975,0.0096562,0.0096562,0.00316151,0.00156044,3.24E-05,1.48E-03,1.48E-03,7.75E-04,7.75E-04,3.23E-05,3.83E-04,3.83E-04,1.80E-03,1.80E-03,3.10E-05,3.10E-05,6.81E-04,0.000681215
