Time,AI,AF,AD,AL,AA,BD,BC,AM,AN,AY,AZ,AC,AK,AH,AT,AS,AR,AQ,AG,BB,BA,AO,AP,AV,AU,AX,AW
0,0,0,0,0,0,0,0,0,0,0,0,0,0,0,0,0,0,0,0,0,0,0.5,0.5,0,0,0,0
0.005,7.27E-23,1.63E-18,1.22E-15,1.96E-12,1.09E-09,2.67E-08,2.67E-08,3.93E-05,3.93E-05,1.33E-07,1.33E-07,2.78E-10,7.52E-13,2.33E-16,9.37E-06,9.37E-06,3.94E-05,3.94E-05,5.45E-08,9.58E-04,9.58E-04,4.94E-01,4.94E-01,9.58E-04,9.58E-04,4.48E-03,0.004483745
0.01,1.52E-19,3.20E-16,8.30E-14,5.99E-11,1.62E-08,1.96E-07,1.96E-07,1.48E-04,1.48E-04,1.02E-06,1.02E-06,4.26E-09,2.37E-11,1.61E-14,3.73E-05,3.73E-05,1.48E-04,1.48E-04,4.08E-07,1.76E-03,1.76E-03,4.87E-01,4.87E-01,1.76E-03,1.76E-03,8.83E-03,0.00883075
0.015,4.10E-18,5.38E-15,9.01E-13,4.29E-10,7.65E-08,6.08E-07,6.08E-07,3.14E-04,3.14E-04,3.28E-06,3.28E-06,2.07E-08,1.74E-10,1.77E-13,8.33E-05,8.33E-05,3.15E-04,3.15E-04,1.29E-06,2.43E-03,2.43E-03,4.81E-01,4.81E-01,2.43E-03,2.43E-03,1.30E-02,0.01304595
0.02,3.95E-17,3.86E-14,4.80E-12,1.70E-09,2.26E-07,1.33E-06,1.33E-06,5.27E-04,5.27E-04,7.44E-06,7.44E-06,6.29E-08,7.06E-10,9.58E-13,1.47E-04,1.47E-04,5.30E-04,5.30E-04,2.88E-06,3.00E-03,3.00E-03,4.76E-01,4.76E-01,3.00E-03,3.00E-03,1.71E-02,0.01713395
0.025,2.24E-16,1.75E-13,1.74E-11,4.89E-09,5.15E-07,2.39E-06,2.39E-06,7.78E-04,7.78E-04,1.39E-05,1.39E-05,1.48E-07,2.08E-09,3.51E-12,2.28E-04,2.28E-04,7.83E-04,7.83E-04,5.28E-06,3.47E-03,3.47E-03,4.70E-01,4.70E-01,3.47E-03,3.47E-03,2.11E-02,0.02109915
0.03,9.18E-16,5.99E-13,4.92E-11,1.15E-08,9.99E-07,3.81E-06,3.81E-06,1.06E-03,1.06E-03,2.30E-05,2.30E-05,2.94E-07,5.00E-09,1.00E-11,3.26E-04,3.26E-04,1.07E-03,1.07E-03,8.59E-06,3.86E-03,3.86E-03,4.65E-01,4.65E-01,3.86E-03,3.86E-03,2.49E-02,0.02494555
0.035,2.99E-15,1.68E-12,1.18E-10,2.34E-08,1.73E-06,5.59E-06,5.59E-06,1.37E-03,1.37E-03,3.50E-05,3.50E-05,5.25E-07,1.05E-08,2.43E-11,4.40E-04,4.40E-04,1.38E-03,1.38E-03,1.28E-05,4.18E-03,4.18E-03,4.60E-01,4.60E-01,4.18E-03,4.18E-03,2.87E-02,0.0286771
0.04,8.28E-15,4.09E-12,2.49E-10,4.31E-08,2.77E-06,7.72E-06,7.72E-06,1.69E-03,1.69E-03,5.00E-05,5.00E-05,8.62E-07,1.97E-08,5.21E-11,5.69E-04,5.69E-04,1.71E-03,1.71E-03,1.81E-05,4.44E-03,4.44E-03,4.55E-01,4.55E-01,4.44E-03,4.44E-03,3.23E-02,0.0322974
0.045,2.02E-14,8.89E-12,4.79E-10,7.34E-08,4.17E-06,1.02E-05,1.02E-05,2.04E-03,2.04E-03,6.84E-05,6.84E-05,1.33E-06,3.43E-08,1.01E-10,7.13E-04,7.13E-04,2.06E-03,2.06E-03,2.42E-05,4.66E-03,4.66E-03,4.50E-01,4.50E-01,4.66E-03,4.66E-03,3.58E-02,0.0358099
0.05,4.46E-14,1.78E-11,8.57E-10,1.17E-07,5.96E-06,1.30E-05,1.30E-05,2.39E-03,2.39E-03,9.00E-05,9.00E-05,1.95E-06,5.63E-08,1.83E-10,8.71E-04,8.71E-04,2.43E-03,2.43E-03,3.14E-05,4.84E-03,4.84E-03,4.45E-01,4.45E-01,4.84E-03,4.84E-03,3.92E-02,0.0392179
0.055,9.10E-14,3.30E-11,1.44E-09,1.79E-07,8.20E-06,1.60E-05,1.60E-05,2.75E-03,2.75E-03,1.15E-04,1.15E-04,2.76E-06,8.77E-08,3.12E-10,1.04E-03,1.04E-03,2.80E-03,2.80E-03,3.95E-05,4.98E-03,4.98E-03,4.41E-01,4.41E-01,4.98E-03,4.98E-03,4.25E-02,0.0425246
0.06,1.74E-13,5.81E-11,2.31E-09,2.62E-07,1.09E-05,1.93E-05,1.93E-05,3.12E-03,3.12E-03,1.44E-04,1.44E-04,3.77E-06,1.31E-07,5.06E-10,1.23E-03,1.23E-03,3.18E-03,3.18E-03,4.84E-05,5.09E-03,5.09E-03,4.36E-01,4.36E-01,5.09E-03,5.09E-03,4.57E-02,0.045733
0.065,3.14E-13,9.72E-11,3.56E-09,3.70E-07,1.42E-05,2.29E-05,2.29E-05,3.49E-03,3.49E-03,1.76E-04,1.76E-04,5.01E-06,1.90E-07,7.87E-10,1.43E-03,1.43E-03,3.57E-03,3.57E-03,5.82E-05,5.18E-03,5.18E-03,4.32E-01,4.32E-01,5.18E-03,5.18E-03,4.88E-02,0.04884595
0.07,5.40E-13,1.56E-10,5.29E-09,5.08E-07,1.80E-05,2.66E-05,2.66E-05,3.87E-03,3.87E-03,2.11E-04,2.11E-04,6.51E-06,2.66E-07,1.18E-09,1.64E-03,1.64E-03,3.96E-03,3.96E-03,6.89E-05,5.25E-03,5.25E-03,4.28E-01,4.28E-01,5.25E-03,5.25E-03,5.19E-02,0.051866
0.075,8.94E-13,2.42E-10,7.62E-09,6.80E-07,2.23E-05,3.05E-05,3.05E-05,4.24E-03,4.24E-03,2.50E-04,2.50E-04,8.29E-06,3.65E-07,1.72E-09,1.86E-03,1.86E-03,4.36E-03,4.36E-03,8.02E-05,5.30E-03,5.30E-03,4.24E-01,4.24E-01,5.30E-03,5.30E-03,5.48E-02,0.0547965
0.08,1.43E-12,3.64E-10,1.07E-08,8.92E-07,2.73E-05,3.45E-05,3.45E-05,4.61E-03,4.61E-03,2.93E-04,2.93E-04,1.04E-05,4.88E-07,2.44E-09,2.09E-03,2.09E-03,4.75E-03,4.75E-03,9.23E-05,5.34E-03,5.34E-03,4.20E-01,4.20E-01,5.34E-03,5.34E-03,5.76E-02,0.0576395
0.085,2.21E-12,5.33E-10,1.47E-08,1.15E-06,3.28E-05,3.87E-05,3.87E-05,4.99E-03,4.99E-03,3.39E-04,3.39E-04,1.28E-05,6.41E-07,3.38E-09,2.33E-03,2.33E-03,5.15E-03,5.15E-03,0.000105102,0.00536365,0.00536365,0.4159525,0.4159525,0.0053646,0.0053646,0.0603975,0.0603975
0.09,3.33E-12,7.61E-10,1.97E-08,1.45E-06,3.90E-05,4.30E-05,4.30E-05,5.36E-03,5.36E-03,3.88E-04,3.88E-04,1.55E-05,8.28E-07,4.59E-09,2.58E-03,2.58E-03,5.55E-03,5.55E-03,0.000118472,0.0053776,0.0053776,0.412165,0.412165,0.0053787,0.0053787,0.063073,0.063073
0.095,4.89E-12,1.07E-09,2.60E-08,1.81E-06,4.58E-05,4.74E-05,4.74E-05,5.72E-03,5.72E-03,4.41E-04,4.41E-04,1.87E-05,1.05E-06,6.12E-09,2.84E-03,2.84E-03,5.95E-03,5.95E-03,0.000132408,0.00538295,0.00538295,0.408465,0.408465,0.0053843,0.0053843,0.065668,0.065668
0.1,7.04E-12,1.46E-09,3.38E-08,2.22E-06,5.32E-05,5.18E-05,5.18E-05,6.09E-03,6.09E-03,4.97E-04,4.97E-04,2.22E-05,1.32E-06,8.02E-09,3.11E-03,3.11E-03,6.34E-03,6.34E-03,0.000146862,0.00538115,0.00538115,0.404849,0.404849,0.0053828,0.0053828,0.0681855,0.0681855
0.105,9.93E-12,1.97E-09,4.33E-08,2.70E-06,6.12E-05,5.63E-05,5.63E-05,6.45E-03,6.45E-03,5.56E-04,5.56E-04,2.61E-05,1.64E-06,1.04E-08,3.39E-03,3.39E-03,6.74E-03,6.74E-03,0.000161791,0.00537345,0.00537345,0.4013135,0.4013135,0.0053754,0.0053754,0.0706265,0.0706265
0.11,1.38E-11,2.62E-09,5.47E-08,3.24E-06,6.99E-05,6.08E-05,6.08E-05,6.80E-03,6.80E-03,6.18E-04,6.18E-04,3.05E-05,2.01E-06,1.32E-08,3.67E-03,3.67E-03,7.13E-03,7.13E-03,0.000177152,0.00536085,0.00536085,0.3978565,0.3978565,0.0053631,0.0053631,0.0729945,0.0729945
0.115,1.87E-11,3.43E-09,6.83E-08,3.86E-06,7.92E-05,6.53E-05,6.53E-05,7.15E-03,7.15E-03,6.83E-04,6.83E-04,3.53E-05,2.44E-06,1.67E-08,3.97E-03,3.97E-03,7.52E-03,7.52E-03,0.000192905,0.0053442,0.0053442,0.3944745,0.3944745,0.00534675,0.00534675,0.0752905,0.0752905
0.12,2.52E-11,4.44E-09,8.43E-08,4.55E-06,8.92E-05,6.99E-05,6.99E-05,7.50E-03,7.50E-03,7.51E-04,7.51E-04,4.06E-05,2.93E-06,2.07E-08,4.26E-03,4.26E-03,7.91E-03,7.91E-03,0.000209012,0.0053242,0.0053242,0.391165,0.391165,0.00532715,0.00532715,0.0775165,0.0775165
0.125,3.33E-11,5.67E-09,1.03E-07,5.32E-06,9.98E-05,7.44E-05,7.44E-05,7.84E-03,7.84E-03,8.22E-04,8.22E-04,4.63E-05,3.49E-06,2.56E-08,4.57E-03,4.57E-03,8.30E-03,8.30E-03,0.000225439,0.00530155,0.00530155,0.387926,0.387926,0.0053049,0.0053049,0.079675,0.079675
0.13,4.36E-11,7.17E-09,1.25E-07,6.18E-06,0.000110947,0.000078928,0.000078928,0.0081732,0.0081732,0.00089521,0.00089521,5.26E-05,4.13E-06,3.13E-08,4.88E-03,4.88E-03,8.69E-03,8.69E-03,0.000242153,0.0052767,0.0052767,0.384755,0.384755,0.00528055,0.00528055,0.081767,0.081767
0.135,5.64E-11,8.97E-09,1.50E-07,7.12E-06,0.000122743,8.34395E-05,8.34395E-05,0.0085036,0.0085036,0.00097153,0.00097153,5.93E-05,4.86E-06,3.79E-08,5.20E-03,5.20E-03,9.07E-03,9.07E-03,0.000259122,0.00525015,0.00525015,0.38165,0.38165,0.00525445,0.00525445,0.0837955,0.0837955
0.14,7.22E-11,1.11E-08,1.79E-07,8.16E-06,0.000135138,0.000087926,0.000087926,0.0088289,0.0088289,0.00105046,0.00105046,6.66E-05,5.67E-06,4.55E-08,5.52E-03,5.52E-03,9.45E-03,9.45E-03,0.000276319,0.00522225,0.00522225,0.3786085,0.3786085,0.00522705,0.00522705,0.085761,0.085761
0.145,9.14E-11,1.37E-08,2.11E-07,9.29E-06,0.000148123,0.000092383,0.000092383,0.0091491,0.0091491,0.00113191,0.00113191,7.44E-05,6.57E-06,5.42E-08,5.84E-03,5.84E-03,9.83E-03,9.83E-03,0.000293717,0.0051933,0.0051933,0.37563,0.37563,0.0051986,0.0051986,0.087666,0.087666
0.15,1.15E-10,1.67E-08,2.48E-07,1.05E-05,0.000161687,0.000096805,0.000096805,0.0094642,0.0094642,0.00121581,0.00121581,8.28E-05,7.58E-06,6.43E-08,6.17E-03,6.17E-03,1.02E-02,1.02E-02,0.000311292,0.00516355,0.00516355,0.372711,0.372711,0.00516945,0.00516945,0.089512,0.089512
0.155,1.43E-10,2.02E-08,2.90E-07,1.19E-05,0.000175819,0.000101188,0.000101188,0.0097743,0.0097743,0.001302065,0.001302065,9.17E-05,8.70E-06,7.56E-08,6.51E-03,6.51E-03,1.06E-02,1.06E-02,0.000329022,0.0051332,0.0051332,0.369851,0.369851,0.00513975,0.00513975,0.0913005,0.0913005
0.16,1.76E-10,2.42E-08,3.37E-07,1.33E-05,0.000190509,0.000105529,0.000105529,0.0100794,0.0100794,0.001390605,0.001390605,0.000101183,9.93E-06,8.85E-08,6.84E-03,6.84E-03,1.10E-02,1.10E-02,0.000346888,0.00510255,0.00510255,0.367048,0.367048,0.00510975,0.00510975,0.093033,0.093033
0.165,2.16E-10,2.90E-08,3.88E-07,1.49E-05,0.000205743,0.000109825,0.000109825,0.0103796,0.0103796,0.00148135,0.00148135,0.000111252,1.13E-05,1.03E-07,7.18E-03,7.18E-03,1.13E-02,1.13E-02,0.00036487,0.00507165,0.00507165,0.3643005,0.3643005,0.00507955,0.00507955,0.094711,0.094711
0.17,2.63E-10,3.44E-08,4.46E-07,1.65E-05,0.000221511,0.000114073,0.000114073,0.01067495,0.01067495,0.00157422,0.00157422,0.000121908,1.28E-05,1.19E-07,7.53E-03,7.53E-03,1.17E-02,1.17E-02,0.000382952,0.00504065,0.00504065,0.361607,0.361607,0.00504925,0.00504925,0.0963365,0.0963365
0.175,3.18E-10,4.05E-08,5.10E-07,1.83E-05,0.0002378,0.000118273,0.000118273,0.0109656,0.0109656,0.00166914,0.00166914,0.000133158,1.44E-05,1.37E-07,7.88E-03,7.88E-03,1.21E-02,1.21E-02,0.000401119,0.00500965,0.00500965,0.358966,0.358966,0.00501905,0.00501905,0.09791,0.09791
0.18,3.81E-10,4.76E-08,5.80E-07,2.02E-05,0.000254599,0.000122423,0.000122423,0.01125155,0.01125155,0.001766035,0.001766035,0.00014501,1.61E-05,1.57E-07,8.22E-03,8.22E-03,1.24E-02,1.24E-02,0.000419357,0.004978765,0.004978765,0.356376,0.356376,0.00498896,0.00498896,0.0994335,0.0994335
0.185,4.55E-10,5.56E-08,6.57E-07,2.22E-05,0.000271895,0.000126521,0.000126521,0.011533,0.011533,0.00186483,0.00186483,0.00015747,1.80E-05,1.79E-07,8.58E-03,8.58E-03,1.28E-02,1.28E-02,0.000437654,0.004948055,0.004948055,0.353836,0.353836,0.0049591,0.0049591,0.1009085,0.1009085
0.19,5.41E-10,6.45E-08,7.42E-07,2.44E-05,0.000289675,0.000130568,0.000130568,0.01180995,0.01180995,0.001965455,0.001965455,0.000170544,2.01E-05,2.04E-07,8.93E-03,8.93E-03,1.32E-02,1.32E-02,0.000455998,0.004917585,0.004917585,0.351345,0.351345,0.004929505,0.004929505,0.102336,0.102336
0.195,6.39E-10,7.47E-08,8.34E-07,2.66E-05,0.000307929,0.000134562,0.000134562,0.01208255,0.01208255,0.002067835,0.002067835,0.000184238,2.23E-05,2.31E-07,9.28E-03,9.28E-03,1.35E-02,1.35E-02,0.000474379,0.0048874,0.0048874,0.3489005,0.3489005,0.00490024,0.00490024,0.103717,0.103717
0.2,7.50E-10,8.60E-08,9.34E-07,2.90E-05,0.000326644,0.000138504,0.000138504,0.01235085,0.01235085,0.002171905,0.002171905,0.000198555,2.47E-05,2.60E-07,9.64E-03,9.64E-03,1.39E-02,1.39E-02,0.000492789,0.00485754,0.00485754,0.3465025,0.3465025,0.004871335,0.004871335,0.1050535,0.1050535
0.205,8.78E-10,9.86E-08,1.04E-06,3.16E-05,0.000345808,0.000142394,0.000142394,0.01261505,0.01261505,0.002277595,0.002277595,0.0002135,2.73E-05,2.92E-07,1.00E-02,1.00E-02,1.42E-02,1.42E-02,0.00051122,0.00482804,0.00482804,0.3441495,0.3441495,0.00484282,0.00484282,0.106346,0.106346
0.21,1.02E-09,1.13E-07,1.16E-06,3.42E-05,0.00036541,0.000146231,0.000146231,0.0128752,0.0128752,0.002384835,0.002384835,0.000229077,3.00E-05,3.27E-07,1.04E-02,1.04E-02,1.46E-02,1.46E-02,0.000529664,0.004798915,0.004798915,0.3418405,0.3418405,0.004814725,0.004814725,0.107596,0.107596
0.215,1.18E-09,1.28E-07,1.29E-06,3.70E-05,0.000385439,0.000150018,0.000150018,0.01313135,0.01313135,0.00249357,0.00249357,0.000245288,3.30E-05,3.65E-07,1.07E-02,1.07E-02,1.49E-02,1.49E-02,0.000548115,0.004770195,0.004770195,0.339574,0.339574,0.004787065,0.004787065,0.1088045,0.1088045
0.22,1.37E-09,1.45E-07,1.42E-06,3.99E-05,0.000405883,0.000153753,0.000153753,0.0133837,0.0133837,0.002603725,0.002603725,0.000262136,3.61E-05,4.06E-07,1.11E-02,1.11E-02,1.53E-02,1.53E-02,0.000566568,0.004741885,0.004741885,0.3373495,0.3373495,0.00475986,0.00475986,0.109973,0.109973
0.225,1.57E-09,1.64E-07,1.57E-06,4.30E-05,0.000426732,0.000157437,0.000157437,0.01363225,0.01363225,0.00271525,0.00271525,0.000279623,3.95E-05,4.51E-07,1.14E-02,1.14E-02,1.57E-02,1.57E-02,0.000585018,0.004714005,0.004714005,0.3351655,0.3351655,0.004733115,0.004733115,0.1111025,0.1111025
0.23,1.80E-09,1.85E-07,1.72E-06,4.62E-05,0.000447975,0.000161072,0.000161072,0.01387715,0.01387715,0.002828075,0.002828075,0.000297749,4.30E-05,4.99E-07,1.18E-02,1.18E-02,1.60E-02,1.60E-02,0.000603461,0.004686555,0.004686555,0.333021,0.333021,0.00470684,0.00470684,0.1121935,0.1121935
0.235,2.06E-09,2.08E-07,1.89E-06,4.95E-05,0.000469601,0.000164658,0.000164658,0.0141185,0.0141185,0.00294215,0.00294215,0.000316518,4.68E-05,5.50E-07,1.22E-02,1.22E-02,1.64E-02,1.64E-02,0.000621892,0.004659545,0.004659545,0.3309155,0.3309155,0.004681035,0.004681035,0.113248,0.113248
0.24,2.34E-09,2.33E-07,2.07E-06,5.30E-05,0.000491601,0.000168196,0.000168196,0.0143564,0.0143564,0.00305741,0.00305741,0.000335927,5.08E-05,6.06E-07,1.25E-02,1.25E-02,1.67E-02,1.67E-02,0.000640309,0.004632975,0.004632975,0.328848,0.328848,0.004655705,0.004655705,0.114266,0.114266
0.245,2.66E-09,2.60E-07,2.26E-06,5.66E-05,0.000513965,0.000171687,0.000171687,0.0145909,0.0145909,0.0031738,0.0031738,0.000355979,5.50E-05,6.65E-07,1.29E-02,1.29E-02,1.71E-02,1.71E-02,0.000658709,0.004606845,0.004606845,0.326817,0.326817,0.00463085,0.00463085,0.115249,0.115249
0.25,3.00E-09,2.90E-07,2.46E-06,6.03E-05,0.000536682,0.000175131,0.000175131,0.01482215,0.01482215,0.003291275,0.003291275,0.000376673,5.95E-05,7.29E-07,1.32E-02,1.32E-02,1.74E-02,1.74E-02,0.000677089,0.00458115,0.00458115,0.324822,0.324822,0.004606465,0.004606465,0.1161975,0.1161975
0.255,3.39E-09,3.22E-07,2.68E-06,6.42E-05,0.000559745,0.000178531,0.000178531,0.0150502,0.0150502,0.00340977,0.00340977,0.000398008,6.42E-05,7.97E-07,1.36E-02,1.36E-02,1.77E-02,1.77E-02,0.000695449,0.004555895,0.004555895,0.322862,0.322862,0.004582555,0.004582555,0.1171135,0.1171135
0.26,3.81E-09,3.57E-07,2.90E-06,6.82E-05,0.000583143,0.000181885,0.000181885,0.01527515,0.01527515,0.00352924,0.00352924,0.000419982,6.91E-05,8.69E-07,1.40E-02,1.40E-02,1.81E-02,1.81E-02,0.000713785,0.00453107,0.00453107,0.3209365,0.3209365,0.004559105,0.004559105,0.1179965,0.1179965
0.265,4.27E-09,3.95E-07,3.14E-06,7.24E-05,0.000606868,0.000185197,0.000185197,0.01549705,0.01549705,0.00364963,0.00364963,0.000442596,7.43E-05,9.46E-07,1.43E-02,1.43E-02,1.84E-02,1.84E-02,0.000732096,0.00450667,0.00450667,0.3190445,0.3190445,0.004536115,0.004536115,0.1188485,0.1188485
0.27,4.77E-09,4.36E-07,3.40E-06,7.67E-05,0.000630911,0.000188466,0.000188466,0.01571605,0.01571605,0.0037709,0.0037709,0.000465847,7.98E-05,1.03E-06,1.47E-02,1.47E-02,1.88E-02,1.88E-02,0.000750382,0.004482695,0.004482695,0.317185,0.317185,0.004513585,0.004513585,0.11967,0.11967
0.275,5.32E-09,4.79E-07,3.66E-06,8.12E-05,0.000655265,0.000191693,0.000191693,0.01593215,0.01593215,0.003892995,0.003892995,0.000489733,8.55E-05,1.11E-06,1.50E-02,1.50E-02,1.91E-02,1.91E-02,0.000768641,0.00445914,0.00445914,0.3153575,0.3153575,0.004491495,0.004491495,0.1204615,0.1204615
0.28,5.92E-09,5.27E-07,3.95E-06,8.58E-05,0.00067992,0.000194881,0.000194881,0.0161455,0.0161455,0.004015875,0.004015875,0.000514253,9.15E-05,1.21E-06,1.54E-02,1.54E-02,1.95E-02,1.95E-02,0.000786874,0.00443599,0.00443599,0.3135615,0.3135615,0.00446985,0.00446985,0.121224,0.121224
0.285,6.57E-09,5.77E-07,4.24E-06,9.05E-05,0.00070487,0.000198028,0.000198028,0.01635615,0.01635615,0.004139485,0.004139485,0.000539403,9.78E-05,1.30E-06,1.58E-02,1.58E-02,1.98E-02,1.98E-02,0.000805078,0.004413245,0.004413245,0.3117955,0.3117955,0.00444864,0.00444864,0.1219585,0.1219585
0.29,7.28E-09,6.32E-07,4.55E-06,9.54E-05,0.000730107,0.000201138,0.000201138,0.0165642,0.0165642,0.004263795,0.004263795,0.000565181,0.000104428,1.41E-06,1.61E-02,1.61E-02,2.02E-02,2.02E-02,0.000823254,0.004390895,0.004390895,0.310059,0.310059,0.004427855,0.004427855,0.1226655,0.1226655
0.295,8.04E-09,6.90E-07,4.88E-06,0.000100446,0.000755623,0.00020421,0.00020421,0.01676965,0.01676965,0.00438875,0.00438875,0.000591583,0.000111304,1.51E-06,1.65E-02,1.65E-02,2.05E-02,2.05E-02,0.000841402,0.004368935,0.004368935,0.308352,0.308352,0.00440749,0.00440749,0.123346,0.123346
0.3,8.87E-09,7.52E-07,5.22E-06,0.000105621,0.000781412,0.000207245,0.000207245,0.0169726,0.0169726,0.00451432,0.00451432,0.000618607,0.000118478,1.63E-06,1.68E-02,1.68E-02,2.08E-02,2.08E-02,0.000859522,0.00434736,0.00434736,0.306673,0.306673,0.00438753,0.00438753,0.1240005,0.1240005
0.305,9.76E-09,8.18E-07,5.58E-06,0.000110939,0.000807466,0.000210245,0.000210245,0.01717315,0.01717315,0.004640455,0.004640455,0.000646249,0.000125956,1.75E-06,1.72E-02,1.72E-02,2.12E-02,2.12E-02,0.000877613,0.004326155,0.004326155,0.3050215,0.3050215,0.00436798,0.00436798,0.12463,0.12463
0.31,1.07E-08,8.89E-07,5.95E-06,0.000116401,0.00083378,0.00021321,0.00021321,0.01737135,0.01737135,0.004767125,0.004767125,0.000674505,0.000133743,1.87E-06,1.75E-02,1.75E-02,2.15E-02,2.15E-02,0.000895675,0.00430532,0.00430532,0.3033975,0.3033975,0.00434882,0.00434882,0.1252345,0.1252345
0.315,1.18E-08,9.64E-07,6.35E-06,0.000122007,0.000860347,0.000216142,0.000216142,0.01756725,0.01756725,0.004894285,0.004894285,0.000703372,0.000141846,2.01E-06,1.79E-02,1.79E-02,2.19E-02,2.19E-02,0.000913708,0.004284845,0.004284845,0.3017995,0.3017995,0.004330045,0.004330045,0.1258155,0.1258155
0.32,1.29E-08,1.04E-06,6.75E-06,0.000127755,0.00088716,0.00021904,0.00021904,0.01776095,0.01776095,0.0050219,0.0050219,0.000732845,0.000150268,2.14E-06,1.82E-02,1.82E-02,2.22E-02,2.22E-02,0.000931714,0.00426472,0.00426472,0.3002275,0.3002275,0.004311655,0.004311655,0.126373,0.126373
0.325,1.41E-08,1.13E-06,7.18E-06,0.000133646,0.000914213,0.000221907,0.000221907,0.0179525,0.0179525,0.00514995,0.00514995,0.00076292,0.000159016,2.29E-06,1.85E-02,1.85E-02,2.25E-02,2.25E-02,0.000949691,0.00424494,0.00424494,0.2986805,0.2986805,0.00429363,0.00429363,0.1269085,0.1269085
0.33,1.53E-08,1.22E-06,7.62E-06,0.00013968,0.000941502,0.000224743,0.000224743,0.0181419,0.0181419,0.00527835,0.00527835,0.000793593,0.000168094,2.44E-06,1.89E-02,1.89E-02,2.29E-02,2.29E-02,0.00096764,0.0042255,0.0042255,0.2971585,0.2971585,0.00427597,0.00427597,0.1274215,0.1274215
0.335,1.67E-08,1.31E-06,8.08E-06,0.000145856,0.00096902,0.000227548,0.000227548,0.01832925,0.01832925,0.00540715,0.00540715,0.00082486,0.000177507,2.60E-06,1.92E-02,1.92E-02,2.32E-02,2.32E-02,0.000985562,0.004206395,0.004206395,0.29566,0.29566,0.004258665,0.004258665,0.1279135,0.1279135
0.34,1.81E-08,1.41E-06,8.56E-06,0.000152173,0.000996762,0.000230324,0.000230324,0.01851465,0.01851465,0.00553625,0.00553625,0.000856714,0.000187262,2.76E-06,1.96E-02,1.96E-02,2.36E-02,2.36E-02,0.00100346,0.004187605,0.004187605,0.2941855,0.2941855,0.00424171,0.00424171,0.1283845,0.1283845
0.345,1.97E-08,1.52E-06,9.06E-06,0.000158632,0.00102472,0.000233071,0.000233071,0.0186981,0.0186981,0.00566565,0.00566565,0.000889152,0.000197361,2.94E-06,1.99E-02,1.99E-02,2.39E-02,2.39E-02,0.00102132,0.004169135,0.004169135,0.2927335,0.2927335,0.00422509,0.00422509,0.1288355,0.1288355
0.35,2.13E-08,1.63E-06,9.58E-06,0.000165232,0.0010529,0.00023579,0.00023579,0.01887965,0.01887965,0.0057953,0.0057953,0.000922169,0.00020781,3.12E-06,2.02E-02,2.02E-02,2.42E-02,2.42E-02,0.00103916,0.00415098,0.00415098,0.291304,0.291304,0.004208805,0.004208805,0.129267,0.129267
0.355,2.31E-08,1.75E-06,1.01E-05,0.000171972,0.00108128,0.000238482,0.000238482,0.01905935,0.01905935,0.0059252,0.0059252,0.000955759,0.000218614,3.31E-06,2.06E-02,2.06E-02,2.46E-02,2.46E-02,0.00105698,0.00413312,0.00413312,0.2898965,0.2898965,0.004192845,0.004192845,0.129679,0.129679
0.36,2.49E-08,1.88E-06,1.07E-05,0.000178851,0.00110987,0.000241147,0.000241147,0.01923725,0.01923725,0.0060553,0.0060553,0.000989918,0.000229777,3.50E-06,2.09E-02,2.09E-02,2.49E-02,2.49E-02,0.00107476,0.00411556,0.00411556,0.2885105,0.2885105,0.0041772,0.0041772,0.1300725,0.1300725
0.365,2.69E-08,2.01E-06,1.12E-05,0.00018587,0.00113865,0.000243787,0.000243787,0.01941345,0.01941345,0.00618555,0.00618555,0.00102464,0.000241303,3.70E-06,2.12E-02,2.12E-02,2.52E-02,2.52E-02,0.00109252,0.00409829,0.00409829,0.287145,0.287145,0.00416187,0.00416187,0.130448,0.130448
0.37,2.90E-08,2.15E-06,1.18E-05,0.000193027,0.00116764,0.000246401,0.000246401,0.0195879,0.0195879,0.00631595,0.00631595,0.00105992,0.000253197,3.91E-06,2.15E-02,2.15E-02,2.56E-02,2.56E-02,0.00111026,0.004081305,0.004081305,0.2858005,0.2858005,0.00414684,0.00414684,0.130806,0.130806
0.375,3.12E-08,2.29E-06,1.25E-05,0.000200323,0.00119681,0.000248992,0.000248992,0.01976075,0.01976075,0.0064465,0.0064465,0.00109575,0.000265463,4.13E-06,2.19E-02,2.19E-02,2.59E-02,2.59E-02,0.00112797,0.004064595,0.004064595,0.284476,0.284476,0.00413211,0.00413211,0.131147,0.131147
0.38,3.36E-08,2.44E-06,1.31E-05,0.000207755,0.00122617,0.000251558,0.000251558,0.01993195,0.01993195,0.0065771,0.0065771,0.00113213,0.000278104,4.36E-06,2.22E-02,2.22E-02,2.62E-02,2.62E-02,0.00114565,0.00404816,0.00404816,0.2831705,0.2831705,0.00411767,0.00411767,0.1314715,0.1314715
0.385,3.60E-08,2.60E-06,1.38E-05,0.000215324,0.00125572,0.000254102,0.000254102,0.02010165,0.02010165,0.0067078,0.0067078,0.00116905,0.000291125,4.59E-06,2.25E-02,2.25E-02,2.66E-02,2.66E-02,0.00116331,0.004031985,0.004031985,0.2818845,0.2818845,0.00410351,0.00410351,0.1317795,0.1317795
0.39,3.87E-08,2.77E-06,1.44E-05,0.000223029,0.00128544,0.000256623,0.000256623,0.02026975,0.02026975,0.00683855,0.00683855,0.0012065,0.00030453,4.84E-06,2.28E-02,2.28E-02,2.69E-02,2.69E-02,0.00118094,0.004016075,0.004016075,0.280617,0.280617,0.00408963,0.00408963,0.132072,0.132072
0.395,4.14E-08,2.94E-06,1.51E-05,0.000230869,0.00131534,0.000259122,0.000259122,0.0204364,0.0204364,0.00696935,0.00696935,0.00124449,0.000318322,5.09E-06,2.31E-02,2.31E-02,2.72E-02,2.72E-02,0.00119855,0.004000415,0.004000415,0.279368,0.279368,0.00407602,0.00407602,0.1323495,0.1323495
0.4,4.43E-08,3.13E-06,1.59E-05,0.000238844,0.00134541,0.0002616,0.0002616,0.0206016,0.0206016,0.0071001,0.0071001,0.001283,0.000332504,5.35E-06,2.35E-02,2.35E-02,2.76E-02,2.76E-02,0.00121613,0.003985005,0.003985005,0.278137,0.278137,0.004062675,0.004062675,0.132612,0.132612
0.405,4.74E-08,3.32E-06,1.66E-05,0.000246952,0.00137565,0.000264057,0.000264057,0.0207654,0.0207654,0.0072309,0.0072309,0.00132202,0.000347081,5.62E-06,2.38E-02,2.38E-02,2.79E-02,2.79E-02,0.00123369,0.003969835,0.003969835,0.276923,0.276923,0.004049585,0.004049585,0.13286,0.13286
0.41,5.06E-08,3.52E-06,1.74E-05,0.000255193,0.00140605,0.000266494,0.000266494,0.0209278,0.0209278,0.0073616,0.0073616,0.00136156,0.000362055,5.90E-06,2.41E-02,2.41E-02,2.82E-02,2.82E-02,0.00125122,0.003954905,0.003954905,0.2757265,0.2757265,0.004036755,0.004036755,0.133094,0.133094
0.415,5.39E-08,3.73E-06,1.81E-05,0.000263567,0.00143662,0.000268911,0.000268911,0.0210889,0.0210889,0.0074923,0.0074923,0.00140161,0.000377431,6.19E-06,2.44E-02,2.44E-02,2.86E-02,2.86E-02,0.00126873,0.003940205,0.003940205,0.2745465,0.2745465,0.004024165,0.004024165,0.1333145,0.1333145
0.42,5.75E-08,3.94E-06,1.90E-05,0.000272071,0.00146735,0.000271309,0.000271309,0.02124865,0.02124865,0.0076229,0.0076229,0.00144215,0.00039321,6.48E-06,2.47E-02,2.47E-02,2.89E-02,2.89E-02,0.00128621,0.003925735,0.003925735,0.273383,0.273383,0.00401182,0.00401182,0.1335215,0.1335215
0.425,6.12E-08,4.17E-06,1.98E-05,0.000280706,0.00149823,0.000273688,0.000273688,0.02140715,0.02140715,0.0077534,0.0077534,0.00148319,0.000409397,6.79E-06,2.50E-02,2.50E-02,2.92E-02,2.92E-02,0.00130367,0.003911485,0.003911485,0.272235,0.272235,0.00399971,0.00399971,0.1337155,0.1337155
0.43,6.51E-08,4.40E-06,2.06E-05,0.000289471,0.00152926,0.00027605,0.00027605,0.0215644,0.0215644,0.0078838,0.0078838,0.00152472,0.000425994,7.10E-06,2.53E-02,2.53E-02,2.95E-02,2.95E-02,0.0013211,0.00389745,0.00389745,0.271103,0.271103,0.00398783,0.00398783,0.1338975,0.1338975
0.435,6.91E-08,4.65E-06,2.15E-05,0.000298364,0.00156045,0.000278393,0.000278393,0.02172045,0.02172045,0.00801405,0.00801405,0.00156674,0.000443003,7.43E-06,2.56E-02,2.56E-02,2.99E-02,2.99E-02,0.00133851,0.00388363,0.00388363,0.2699865,0.2699865,0.003976175,0.003976175,0.134067,0.134067
0.44,7.34E-08,4.90E-06,2.24E-05,0.000307385,0.00159178,0.00028072,0.00028072,0.0218753,0.0218753,0.0081442,0.0081442,0.00160922,0.000460428,7.76E-06,2.59E-02,2.59E-02,3.02E-02,3.02E-02,0.00135589,0.00387002,0.00387002,0.2688845,0.2688845,0.00396474,0.00396474,0.134225,0.134225
0.445,7.78E-08,5.17E-06,2.34E-05,0.000316534,0.00162326,0.000283029,0.000283029,0.022029,0.022029,0.00827415,0.00827415,0.00165218,0.000478272,8.11E-06,2.62E-02,2.62E-02,3.05E-02,3.05E-02,0.00137325,0.00385661,0.00385661,0.2677975,0.2677975,0.00395352,0.00395352,0.134371,0.134371
0.45,8.25E-08,5.44E-06,2.43E-05,0.000325809,0.00165488,0.000285322,0.000285322,0.0221816,0.0221816,0.0084039,0.0084039,0.00169561,0.000496536,8.46E-06,2.65E-02,2.65E-02,3.09E-02,3.09E-02,0.00139058,0.0038434,0.0038434,0.2667245,0.2667245,0.00394251,0.00394251,0.1345065,0.1345065
0.455,8.74E-08,5.73E-06,2.53E-05,0.000335209,0.00168664,0.0002876,0.0002876,0.02233305,0.02233305,0.0085335,0.0085335,0.00173949,0.000515223,8.82E-06,2.67E-02,2.67E-02,3.12E-02,3.12E-02,0.00140789,0.003830385,0.003830385,0.265666,0.265666,0.003931705,0.003931705,0.1346305,0.1346305
0.46,9.24E-08,6.03E-06,2.63E-05,0.000344733,0.00171854,0.000289861,0.000289861,0.02248345,0.02248345,0.0086629,0.0086629,0.00178383,0.000534336,9.20E-06,2.70E-02,2.70E-02,3.15E-02,3.15E-02,0.00142517,0.00381756,0.00381756,0.2646205,0.2646205,0.003921105,0.003921105,0.1347445,0.1347445
0.465,9.77E-08,6.33E-06,2.73E-05,0.000354381,0.00175057,0.000292108,0.000292108,0.0226328,0.0226328,0.0087921,0.0087921,0.00182861,0.000553877,9.58E-06,2.73E-02,2.73E-02,3.18E-02,3.18E-02,0.00144242,0.003804925,0.003804925,0.263589,0.263589,0.003910695,0.003910695,0.134848,0.134848
0.47,1.03E-07,6.65E-06,2.83E-05,0.000364152,0.00178274,0.00029434,0.00029434,0.0227811,0.0227811,0.008921,0.008921,0.00187384,0.000573848,9.97E-06,2.76E-02,2.76E-02,3.22E-02,3.22E-02,0.00145965,0.003792465,0.003792465,0.2625705,0.2625705,0.003900475,0.003900475,0.134942,0.134942
0.475,1.09E-07,6.98E-06,2.94E-05,0.000374045,0.00181504,0.000296557,0.000296557,0.02292845,0.02292845,0.0090497,0.0090497,0.0019195,0.00059425,1.04E-05,2.79E-02,2.79E-02,3.25E-02,3.25E-02,0.00147685,0.00378019,0.00378019,0.261565,0.261565,0.003890445,0.003890445,0.135026,0.135026
0.48,1.15E-07,7.32E-06,3.05E-05,0.000384059,0.00184747,0.00029876,0.00029876,0.0230748,0.0230748,0.00917815,0.00917815,0.00196559,0.000615087,1.08E-05,2.82E-02,2.82E-02,3.28E-02,3.28E-02,0.00149403,0.00376809,0.00376809,0.260572,0.260572,0.0038806,0.0038806,0.1351005,0.1351005
0.485,1.21E-07,7.68E-06,3.16E-05,0.000394193,0.00188002,0.00030095,0.00030095,0.0232202,0.0232202,0.0093063,0.0093063,0.0020121,0.000636359,1.12E-05,2.84E-02,2.84E-02,3.31E-02,3.31E-02,0.00151117,0.003756155,0.003756155,0.259591,0.259591,0.00387093,0.00387093,0.135166,0.135166
0.49,1.28E-07,8.04E-06,3.28E-05,0.000404446,0.0019127,0.000303126,0.000303126,0.02336465,0.02336465,0.0094342,0.0094342,0.00205904,0.000658068,1.16E-05,2.87E-02,2.87E-02,3.34E-02,3.34E-02,0.00152829,0.00374439,0.00374439,0.2586225,0.2586225,0.003861435,0.003861435,0.1352225,0.1352225
0.495,1.34E-07,8.42E-06,3.39E-05,0.000414817,0.00194551,0.000305289,0.000305289,0.02350815,0.02350815,0.0095618,0.0095618,0.00210638,0.000680217,1.21E-05,2.90E-02,2.90E-02,3.38E-02,3.38E-02,0.00154539,0.00373279,0.00373279,0.2576655,0.2576655,0.003852115,0.003852115,0.1352705,0.1352705
0.5,1.41E-07,8.81E-06,3.51E-05,0.000425306,0.00197843,0.000307439,0.000307439,0.0236508,0.0236508,0.0096891,0.0096891,0.00215413,0.000702806,1.25E-05,2.92E-02,2.92E-02,3.41E-02,3.41E-02,0.00156245,0.00372135,0.00372135,0.2567205,0.2567205,0.003842955,0.003842955,0.1353105,0.1353105
0.505,1.48E-07,9.21E-06,3.64E-05,0.000435912,0.00201147,0.000309577,0.000309577,0.02379255,0.02379255,0.0098161,0.0098161,0.00220228,0.000725837,1.30E-05,2.95E-02,2.95E-02,3.44E-02,3.44E-02,0.00157949,0.00371007,0.00371007,0.2557865,0.2557865,0.00383396,0.00383396,0.135342,0.135342
0.51,1.56E-07,9.63E-06,3.76E-05,0.000446632,0.00204464,0.000311702,0.000311702,0.0239335,0.0239335,0.0099428,0.0099428,0.00225082,0.000749311,1.35E-05,2.98E-02,2.98E-02,3.47E-02,3.47E-02,0.00159649,0.00369894,0.00369894,0.2548635,0.2548635,0.003825125,0.003825125,0.135366,0.135366
0.515,1.64E-07,1.01E-05,3.89E-05,0.000457468,0.00207791,0.000313816,0.000313816,0.02407355,0.02407355,0.01006915,0.01006915,0.00229976,0.000773231,1.40E-05,3.00E-02,3.00E-02,3.50E-02,3.50E-02,0.00161347,0.00368796,0.00368796,0.2539515,0.2539515,0.003816445,0.003816445,0.135382,0.135382
0.52,1.72E-07,1.05E-05,4.02E-05,0.000468418,0.00211131,0.000315918,0.000315918,0.0242128,0.0242128,0.01019515,0.01019515,0.00234907,0.000797596,1.45E-05,3.03E-02,3.03E-02,3.54E-02,3.54E-02,0.00163042,0.00367713,0.00367713,0.25305,0.25305,0.003807915,0.003807915,0.1353905,0.1353905
0.525,1.80E-07,1.10E-05,4.15E-05,0.00047948,0.00214481,0.000318009,0.000318009,0.02435125,0.02435125,0.0103208,0.0103208,0.00239877,0.000822409,1.50E-05,3.05E-02,3.05E-02,3.57E-02,3.57E-02,0.00164733,0.00366644,0.00366644,0.2521595,0.2521595,0.003799535,0.003799535,0.135392,0.135392
0.53,1.89E-07,1.14E-05,4.29E-05,0.000490655,0.00217843,0.000320089,0.000320089,0.0244889,0.0244889,0.0104461,0.0104461,0.00244884,0.000847669,1.55E-05,3.08E-02,3.08E-02,3.60E-02,3.60E-02,0.00166422,0.003655895,0.003655895,0.2512785,0.2512785,0.0037913,0.0037913,0.1353865,0.1353865
0.535,1.97E-07,1.19E-05,4.42E-05,0.000501941,0.00221216,0.000322157,0.000322157,0.02462575,0.02462575,0.01057105,0.01057105,0.00249927,0.000873379,1.60E-05,3.10E-02,3.10E-02,3.63E-02,3.63E-02,0.00168107,0.003645485,0.003645485,0.250408,0.250408,0.003783205,0.003783205,0.1353745,0.1353745
0.54,2.07E-07,1.24E-05,4.57E-05,0.000513337,0.002246,0.000324216,0.000324216,0.0247619,0.0247619,0.0106956,0.0106956,0.00255007,0.000899538,1.66E-05,3.13E-02,3.13E-02,3.66E-02,3.66E-02,0.0016979,0.003635215,0.003635215,0.249547,0.249547,0.00377525,0.00377525,0.1353555,0.1353555
0.545,2.16E-07,1.29E-05,4.71E-05,0.000524842,0.00227994,0.000326263,0.000326263,0.02489725,0.02489725,0.0108198,0.0108198,0.00260122,0.000926149,1.71E-05,3.15E-02,3.15E-02,3.69E-02,3.69E-02,0.00171469,0.003625075,0.003625075,0.248696,0.248696,0.00376743,0.00376743,0.1353305,0.1353305
0.55,2.26E-07,1.35E-05,4.85E-05,0.000536456,0.00231399,0.000328301,0.000328301,0.02503195,0.02503195,0.01094365,0.01094365,0.00265272,0.00095321,1.77E-05,3.18E-02,3.18E-02,3.73E-02,3.73E-02,0.00173145,0.003615065,0.003615065,0.247854,0.247854,0.003759745,0.003759745,0.135299,0.135299
0.555,2.36E-07,1.40E-05,5.00E-05,0.000548178,0.00234814,0.000330329,0.000330329,0.02516585,0.02516585,0.0110671,0.0110671,0.00270457,0.000980724,1.83E-05,3.20E-02,3.20E-02,3.76E-02,3.76E-02,0.00174817,0.00360518,0.00360518,0.2470215,0.2470215,0.003752185,0.003752185,0.135262,0.135262
0.56,2.47E-07,1.46E-05,5.15E-05,0.000560007,0.0023824,0.000332346,0.000332346,0.0252991,0.0252991,0.0111901,0.0111901,0.00275676,0.00100869,1.89E-05,3.23E-02,3.23E-02,3.79E-02,3.79E-02,0.00176486,0.003595425,0.003595425,0.246198,0.246198,0.003744755,0.003744755,0.1352185,0.1352185
0.565,2.57E-07,1.51E-05,5.31E-05,0.000571941,0.00241676,0.000334355,0.000334355,0.02543165,0.02543165,0.01131275,0.01131275,0.00280929,0.00103711,1.95E-05,3.25E-02,3.25E-02,3.82E-02,3.82E-02,0.00178152,0.00358579,0.00358579,0.2453835,0.2453835,0.003737445,0.003737445,0.13517,0.13517
0.57,2.68E-07,1.57E-05,5.46E-05,0.000583981,0.00245123,0.000336354,0.000336354,0.0255635,0.0255635,0.011435,0.011435,0.00286214,0.00106598,2.01E-05,3.27E-02,3.27E-02,3.85E-02,3.85E-02,0.00179815,0.00357627,0.00357627,0.2445775,0.2445775,0.003730255,0.003730255,0.1351155,0.1351155
0.575,2.80E-07,1.63E-05,5.62E-05,0.000596125,0.00248579,0.000338344,0.000338344,0.0256947,0.0256947,0.0115568,0.0115568,0.00291532,0.00109531,2.07E-05,3.30E-02,3.30E-02,3.88E-02,3.88E-02,0.00181473,0.003566875,0.003566875,0.24378,0.24378,0.003723185,0.003723185,0.135056,0.135056
0.58,2.92E-07,1.70E-05,5.79E-05,0.000608373,0.00252045,0.000340325,0.000340325,0.0258253,0.0258253,0.0116782,0.0116782,0.00296882,0.00112509,2.13E-05,3.32E-02,3.32E-02,3.91E-02,3.91E-02,0.00183129,0.00355759,0.00355759,0.242991,0.242991,0.003716225,0.003716225,0.134991,0.134991
0.585,3.04E-07,1.76E-05,5.95E-05,0.000620723,0.0025552,0.000342297,0.000342297,0.0259552,0.0259552,0.0117992,0.0117992,0.00302263,0.00115533,2.20E-05,3.34E-02,3.34E-02,3.94E-02,3.94E-02,0.0018478,0.00354842,0.00354842,0.24221,0.24221,0.003709385,0.003709385,0.1349215,0.1349215
0.59,3.16E-07,1.82E-05,6.12E-05,0.000633175,0.00259006,0.00034426,0.00034426,0.02608445,0.02608445,0.01191975,0.01191975,0.00307675,0.00118602,2.26E-05,3.37E-02,3.37E-02,3.97E-02,3.97E-02,0.00186428,0.00353936,0.00353936,0.2414375,0.2414375,0.00370265,0.00370265,0.134847,0.134847
0.595,3.29E-07,1.89E-05,6.29E-05,0.000645728,0.00262501,0.000346215,0.000346215,0.02621315,0.02621315,0.0120399,0.0120399,0.00313118,0.00121716,2.33E-05,3.39E-02,3.39E-02,4.00E-02,4.00E-02,0.00188073,0.003530405,0.003530405,0.2406725,0.2406725,0.003696025,0.003696025,0.1347675,0.1347675
0.6,3.43E-07,1.96E-05,6.46E-05,0.000658381,0.00266005,0.000348162,0.000348162,0.0263412,0.0263412,0.0121596,0.0121596,0.0031859,0.00124876,2.40E-05,3.41E-02,3.41E-02,4.04E-02,4.04E-02,0.00189713,0.00352156,0.00352156,0.2399155,0.2399155,0.0036895,0.0036895,0.134684,0.134684
0.605,3.56E-07,2.03E-05,6.64E-05,0.000671133,0.00269519,0.0003501,0.0003501,0.02646865,0.02646865,0.0122789,0.0122789,0.00324093,0.00128081,2.47E-05,3.43E-02,3.43E-02,4.07E-02,4.07E-02,0.0019135,0.00351282,0.00351282,0.239166,0.239166,0.003683085,0.003683085,0.1345955,0.1345955
0.61,3.70E-07,2.10E-05,6.82E-05,0.000683984,0.00273042,0.000352031,0.000352031,0.0265955,0.0265955,0.0123977,0.0123977,0.00329624,0.00131332,2.54E-05,3.45E-02,3.45E-02,4.10E-02,4.10E-02,0.00192983,0.00350418,0.00350418,0.238424,0.238424,0.003676765,0.003676765,0.134503,0.134503
0.615,3.85E-07,2.18E-05,7.00E-05,0.000696933,0.00276574,0.000353954,0.000353954,0.0267218,0.0267218,0.0125161,0.0125161,0.00335184,0.00134628,2.61E-05,3.48E-02,3.48E-02,4.13E-02,4.13E-02,0.00194612,0.00349564,0.00349564,0.237689,0.237689,0.003670545,0.003670545,0.1344065,0.1344065
0.62,4.00E-07,2.25E-05,7.18E-05,0.000709978,0.00280116,0.000355869,0.000355869,0.0268475,0.0268475,0.01263405,0.01263405,0.00340772,0.0013797,2.68E-05,3.50E-02,3.50E-02,4.16E-02,4.16E-02,0.00196237,0.003487195,0.003487195,0.2369615,0.2369615,0.00366442,0.00366442,0.134306,0.134306
0.625,4.15E-07,2.33E-05,7.37E-05,0.000723119,0.00283666,0.000357776,0.000357776,0.02697265,0.02697265,0.01275155,0.01275155,0.00346388,0.00141357,2.75E-05,3.52E-02,3.52E-02,4.19E-02,4.19E-02,0.00197858,0.00347885,0.00347885,0.236241,0.236241,0.003658385,0.003658385,0.1342015,0.1342015
0.63,4.30E-07,2.41E-05,7.56E-05,0.000736356,0.00287225,0.000359676,0.000359676,0.0270972,0.0270972,0.0128686,0.0128686,0.0035203,0.00144789,2.83E-05,3.54E-02,3.54E-02,4.22E-02,4.22E-02,0.00199476,0.0034706,0.0034706,0.235527,0.235527,0.003652445,0.003652445,0.1340935,0.1340935
0.635,4.46E-07,2.49E-05,7.75E-05,0.000749688,0.00290793,0.000361569,0.000361569,0.02722125,0.02722125,0.01298515,0.01298515,0.003577,0.00148266,2.91E-05,3.56E-02,3.56E-02,4.25E-02,4.25E-02,0.00201089,0.00346244,0.00346244,0.2348205,0.2348205,0.003646595,0.003646595,0.1339815,0.1339815
0.64,4.63E-07,2.58E-05,7.95E-05,0.000763113,0.00294369,0.000363454,0.000363454,0.02734475,0.02734475,0.0131013,0.0131013,0.00363396,0.00151789,2.98E-05,3.58E-02,3.58E-02,4.28E-02,4.28E-02,0.00202697,0.00345437,0.00345437,0.23412,0.23412,0.00364083,0.00364083,0.133866,0.133866
0.645,4.80E-07,2.66E-05,8.14E-05,0.000776631,0.00297955,0.000365333,0.000365333,0.02746775,0.02746775,0.013217,0.013217,0.00369118,0.00155357,3.06E-05,3.60E-02,3.60E-02,4.31E-02,4.31E-02,0.00204302,0.00344639,0.00344639,0.2334265,0.2334265,0.003635155,0.003635155,0.1337475,0.1337475
0.65,4.97E-07,2.75E-05,8.34E-05,0.000790241,0.00301549,0.000367204,0.000367204,0.0275902,0.0275902,0.0133322,0.0133322,0.00374865,0.0015897,3.14E-05,3.62E-02,3.62E-02,4.34E-02,4.34E-02,0.00205902,0.003438495,0.003438495,0.2327395,0.2327395,0.00362956,0.00362956,0.1336255,0.1336255
0.655,5.15E-07,2.84E-05,8.55E-05,0.000803943,0.00305151,0.000369068,0.000369068,0.0277121,0.0277121,0.01344695,0.01344695,0.00380638,0.00162628,3.22E-05,3.64E-02,3.64E-02,4.37E-02,4.37E-02,0.00207498,0.00343069,0.00343069,0.2320585,0.2320585,0.003624045,0.003624045,0.1335005,0.1335005
0.66,5.33E-07,2.93E-05,8.76E-05,0.000817736,0.00308762,0.000370926,0.000370926,0.02783355,0.02783355,0.01356125,0.01356125,0.00386435,0.00166331,3.30E-05,3.66E-02,3.66E-02,4.40E-02,4.40E-02,0.0020909,0.003422965,0.003422965,0.2313835,0.2313835,0.003618615,0.003618615,0.133372,0.133372
0.665,5.52E-07,3.02E-05,8.96E-05,0.000831618,0.00312381,0.000372777,0.000372777,0.02795445,0.02795445,0.0136751,0.0136751,0.00392256,0.00170079,3.39E-05,3.68E-02,3.68E-02,4.43E-02,4.43E-02,0.00210678,0.003415325,0.003415325,0.230715,0.230715,0.00361326,0.00361326,0.133241,0.133241
0.67,5.71E-07,3.12E-05,9.18E-05,0.00084559,0.00316008,0.000374622,0.000374622,0.02807485,0.02807485,0.0137885,0.0137885,0.00398101,0.00173872,3.47E-05,3.70E-02,3.70E-02,4.45E-02,4.45E-02,0.0021226,0.003407765,0.003407765,0.2300525,0.2300525,0.00360798,0.00360798,0.133107,0.133107
0.675,5.90E-07,3.21E-05,9.39E-05,0.000859651,0.00319643,0.00037646,0.00037646,0.02819475,0.02819475,0.0139014,0.0139014,0.0040397,0.0017771,3.56E-05,3.72E-02,3.72E-02,4.48E-02,4.48E-02,0.00213839,0.003400285,0.003400285,0.2293955,0.2293955,0.003602775,0.003602775,0.13297,0.13297
0.68,6.10E-07,3.31E-05,9.61E-05,0.000873799,0.00323287,0.000378292,0.000378292,0.0283142,0.0283142,0.01401385,0.01401385,0.00409861,0.00181592,3.64E-05,3.74E-02,3.74E-02,4.51E-02,4.51E-02,0.00215413,0.003392885,0.003392885,0.2287445,0.2287445,0.00359764,0.00359764,0.1328305,0.1328305
0.685,6.31E-07,3.41E-05,9.83E-05,0.000888034,0.00326938,0.000380117,0.000380117,0.02843315,0.02843315,0.0141258,0.0141258,0.00415776,0.00185519,3.73E-05,3.76E-02,3.76E-02,4.54E-02,4.54E-02,0.00216982,0.003385555,0.003385555,0.2280995,0.2280995,0.00359258,0.00359258,0.1326885,0.1326885
0.69,6.52E-07,3.52E-05,0.000100545,0.000902356,0.00330598,0.000381936,0.000381936,0.0285516,0.0285516,0.0142373,0.0142373,0.00421712,0.0018949,3.82E-05,3.78E-02,3.78E-02,4.57E-02,4.57E-02,0.00218547,0.003378305,0.003378305,0.2274595,0.2274595,0.00358759,0.00358759,0.1325435,0.1325435
0.695,6.73E-07,3.62E-05,0.000102811,0.000916764,0.00334265,0.000383749,0.000383749,0.02866965,0.02866965,0.01434835,0.01434835,0.0042767,0.00193506,3.91E-05,3.80E-02,3.80E-02,4.60E-02,4.60E-02,0.00220107,0.00337113,0.00337113,0.226825,0.226825,0.003582665,0.003582665,0.1323965,0.1323965
0.7,6.95E-07,3.73E-05,0.000105105,0.000931256,0.0033794,0.000385556,0.000385556,0.02878715,0.02878715,0.0144589,0.0144589,0.0043365,0.00197566,4.00E-05,3.82E-02,3.82E-02,4.63E-02,4.63E-02,0.00221663,0.003364025,0.003364025,0.2261965,0.2261965,0.00357781,0.00357781,0.1322475,0.1322475
0.705,7.17E-07,3.84E-05,0.000107427,0.000945833,0.00341623,0.000387357,0.000387357,0.02890425,0.02890425,0.014569,0.014569,0.00439651,0.0020167,4.09E-05,3.84E-02,3.84E-02,4.66E-02,4.66E-02,0.00223213,0.00335699,0.00335699,0.2255725,0.2255725,0.00357302,0.00357302,0.132096,0.132096
0.71,7.40E-07,3.95E-05,0.000109779,0.000960493,0.00345314,0.000389153,0.000389153,0.02902085,0.02902085,0.01467865,0.01467865,0.00445673,0.00205819,4.19E-05,3.86E-02,3.86E-02,4.69E-02,4.69E-02,0.00224759,0.003350025,0.003350025,0.2249545,0.2249545,0.00356829,0.00356829,0.131942,0.131942
0.715,7.64E-07,4.07E-05,0.000112159,0.000975237,0.00349012,0.000390942,0.000390942,0.02913705,0.02913705,0.0147878,0.0147878,0.00451715,0.00210011,4.28E-05,3.87E-02,3.87E-02,4.71E-02,4.71E-02,0.002263,0.00334313,0.00334313,0.224341,0.224341,0.003563625,0.003563625,0.131786,0.131786
