Time,AI,AF,AD,AL,AA,BD,BC,AM,AN,AY,AZ,AC,AK,AH,AT,AS,AR,AQ,AG,BB,BA,AO,AP,AV,AU,AX,AW
0,0,0,0,0,0,0,0,0,0,0,0,0,0,0,0,0,0,0,0,0.5,0.5,0,0,0,0,0,0
0.005,2.67E-18,9.09E-15,3.95E-12,4.73E-09,2.05E-06,3.74E-05,3.74E-05,3.68E-02,3.68E-02,1.71E-04,1.71E-04,4.77E-07,1.66E-09,6.87E-13,4.79E-07,4.79E-07,1.03E-06,1.03E-06,1.07E-09,4.26E-01,4.26E-01,3.68E-02,3.68E-02,3.74E-05,3.74E-05,1.71E-04,0.000171291
0.01,3.27E-16,5.53E-13,1.19E-10,7.05E-08,1.51E-05,1.34E-04,1.34E-04,6.76E-02,6.76E-02,6.42E-04,6.42E-04,3.62E-06,2.54E-08,2.09E-11,3.65E-06,3.65E-06,7.55E-06,7.55E-06,1.58E-08,3.63E-01,3.63E-01,6.76E-02,6.76E-02,1.34E-04,1.34E-04,6.44E-04,0.000644015
0.015,5.28E-15,5.97E-12,8.48E-10,3.33E-07,4.68E-05,2.71E-04,2.71E-04,9.35E-02,9.35E-02,1.36E-03,1.36E-03,1.16E-05,1.23E-07,1.51E-10,1.18E-05,1.18E-05,2.35E-05,2.35E-05,7.36E-08,3.10E-01,3.10E-01,9.35E-02,9.35E-02,2.71E-04,2.71E-04,1.36E-03,0.001363675
0.02,3.74E-14,3.18E-11,3.36E-09,9.81E-07,0.000102198,0.000433326,0.000433326,0.115104,0.115104,0.002271215,0.002271215,2.62E-05,3.72E-07,6.06E-10,2.66E-05,2.66E-05,5.14E-05,5.14E-05,2.14E-07,2.64E-01,2.64E-01,1.15E-01,1.15E-01,4.33E-04,4.33E-04,2.28E-03,0.00228425
0.025,1.68E-13,1.15E-10,9.65E-09,2.24E-06,0.000184091,0.000609585,0.000609585,0.133116,0.133116,0.003342695,0.003342695,4.86E-05,8.71E-07,1.76E-09,4.96E-05,4.96E-05,9.27E-05,9.27E-05,4.83E-07,2.26E-01,2.26E-01,1.33E-01,1.33E-01,6.10E-04,6.10E-04,3.37E-03,0.003366885
0.03,5.70E-13,3.25E-10,2.26E-08,4.33E-06,0.000293733,0.000791465,0.000791465,0.1480805,0.1480805,0.00453908,0.00453908,8.00E-05,1.73E-06,4.18E-09,8.19E-05,8.19E-05,1.48E-04,1.48E-04,9.26E-07,1.93E-01,1.93E-01,1.48E-01,1.48E-01,7.91E-04,7.91E-04,4.58E-03,0.004578835
0.035,1.59E-12,7.78E-10,4.61E-08,7.51E-06,0.0004312,0.000972765,0.000972765,0.1604645,0.1604645,0.0058324,0.0058324,0.00012109,3.08E-06,8.61E-09,1.24E-04,1.24E-04,2.18E-04,2.18E-04,1.59E-06,1.65E-01,1.65E-01,1.60E-01,1.60E-01,9.73E-04,9.73E-04,5.89E-03,0.0058925
0.04,3.82E-12,1.65E-09,8.48E-08,1.20E-05,0.000595731,0.00114902,0.00114902,0.170665,0.170665,0.00719925,0.00719925,0.000172357,5.05E-06,1.60E-08,1.78E-04,1.78E-04,3.02E-04,3.02E-04,2.50E-06,1.41E-01,1.41E-01,1.71E-01,1.71E-01,1.15E-03,1.15E-03,7.28E-03,0.0072847
0.045,8.24E-12,3.17E-09,1.44E-07,1.80E-05,0.000785977,0.00131713,0.00131713,0.179017,0.179017,0.00861995,0.00861995,0.000234172,7.76E-06,2.75E-08,2.42E-04,2.42E-04,3.99E-04,3.99E-04,3.71E-06,1.21E-01,1.21E-01,1.79E-01,1.79E-01,1.32E-03,1.32E-03,8.74E-03,0.0087359
0.05,1.63E-11,5.67E-09,2.31E-07,2.57E-05,0.0010002,0.00147506,0.00147506,0.1858075,0.1858075,0.01007805,0.01007805,0.000306726,1.14E-05,4.45E-08,3.18E-04,3.18E-04,5.09E-04,5.09E-04,5.25E-06,1.04E-01,1.04E-01,1.86E-01,1.86E-01,1.48E-03,1.48E-03,1.02E-02,0.01022975
0.055,3.01E-11,9.56E-09,3.51E-07,3.54E-05,0.00123643,0.001621565,0.001621565,0.1912775,0.1912775,0.0115599,0.0115599,0.000390087,1.60E-05,6.84E-08,4.05E-04,4.05E-04,6.31E-04,6.31E-04,7.13E-06,8.90E-02,8.90E-02,1.91E-01,1.91E-01,1.62E-03,1.62E-03,1.18E-02,0.0117526
0.06,5.25E-11,1.53E-08,5.13E-07,4.70E-05,0.00149256,0.00175603,0.00175603,0.1956325,0.1956325,0.0130541,0.0130541,0.000484219,2.18E-05,1.01E-07,5.04E-04,5.04E-04,7.63E-04,7.63E-04,9.37E-06,7.66E-02,7.66E-02,1.96E-01,1.96E-01,1.76E-03,1.76E-03,1.33E-02,0.013293
0.065,8.71E-11,2.36E-08,7.25E-07,6.09E-05,0.00176648,0.00187828,0.00187828,0.199047,0.199047,0.0145512,0.0145512,0.000589004,2.89E-05,1.44E-07,6.15E-04,6.15E-04,9.06E-04,9.06E-04,1.20E-05,6.60E-02,6.60E-02,1.99E-01,1.99E-01,1.88E-03,1.88E-03,1.48E-02,0.01484145
0.07,1.39E-10,3.50E-08,9.94E-07,7.71E-05,0.00205607,0.00198847,0.00198847,0.201669,0.201669,0.01604345,0.01604345,0.000704254,3.75E-05,1.99E-07,7.37E-04,7.37E-04,1.06E-03,1.06E-03,1.50E-05,5.70E-02,5.70E-02,2.02E-01,2.02E-01,1.99E-03,1.99E-03,1.64E-02,0.0163901
0.075,2.13E-10,5.05E-08,1.33E-06,9.56E-05,0.0023593,0.00208701,0.00208701,0.2036235,0.2036235,0.01752445,0.01752445,0.000829732,4.76E-05,2.69E-07,8.70E-04,8.70E-04,1.22E-03,1.22E-03,1.84E-05,4.93E-02,4.93E-02,2.04E-01,2.04E-01,2.09E-03,2.09E-03,1.79E-02,0.01793235
0.08,3.18E-10,7.09E-08,1.74E-06,0.000116654,0.00267423,0.00217445,0.00217445,0.205017,0.205017,0.018989,0.018989,0.000965155,5.93E-05,3.55E-07,1.01E-03,1.01E-03,1.39E-03,1.39E-03,2.22E-05,4.28E-02,4.28E-02,2.05E-01,2.05E-01,2.17E-03,2.17E-03,1.95E-02,0.01946285
0.085,4.61E-10,9.73E-08,2.24E-06,0.000140195,0.00299906,0.00225146,0.00225146,0.2059395,0.2059395,0.02043285,0.02043285,0.00111021,7.29E-05,4.60E-07,1.17E-03,1.17E-03,1.56E-03,1.56E-03,2.64E-05,3.73E-02,3.73E-02,2.06E-01,2.06E-01,2.25E-03,2.25E-03,2.10E-02,0.02097725
0.09,6.54E-10,1.31E-07,2.83E-06,0.00016629,0.0033321,0.002318755,0.002318755,0.206467,0.206467,0.02185265,0.02185265,0.00126456,8.84E-05,5.87E-07,1.33E-03,1.33E-03,1.74E-03,1.74E-03,3.10E-05,3.25E-02,3.25E-02,2.07E-01,2.07E-01,2.32E-03,2.32E-03,2.25E-02,0.022472
0.095,9.07E-10,1.73E-07,3.52E-06,0.000194962,0.00367181,0.002377095,0.002377095,0.2066645,0.2066645,0.02324575,0.02324575,0.00142785,0.000105902,7.36E-07,1.51E-03,1.51E-03,1.92E-03,1.92E-03,3.60E-05,2.85E-02,2.85E-02,2.07E-01,2.07E-01,2.38E-03,2.38E-03,2.39E-02,0.0239442
0.1,1.23E-09,2.24E-07,4.32E-06,0.00022622,0.00401678,0.002427225,0.002427225,0.206587,0.206587,0.02461,0.02461,0.00159971,0.000125516,9.11E-07,1.69E-03,1.69E-03,2.11E-03,2.11E-03,4.13E-05,2.51E-02,2.51E-02,2.07E-01,2.07E-01,2.43E-03,2.43E-03,2.54E-02,0.02539155
0.105,1.65E-09,2.87E-07,5.24E-06,0.000260059,0.00436574,0.00246988,0.00246988,0.2062805,0.2062805,0.0259439,0.0259439,0.00177976,0.000147338,1.11E-06,1.88E-03,1.88E-03,2.31E-03,2.31E-03,4.70E-05,2.22E-02,2.22E-02,2.06E-01,2.06E-01,2.47E-03,2.47E-03,2.68E-02,0.02681235
0.11,2.18E-09,3.63E-07,6.29E-06,0.000296466,0.00471754,0.002505775,0.002505775,0.2057845,0.2057845,0.02724625,0.02724625,0.00196763,0.000171454,1.35E-06,2.09E-03,2.09E-03,2.50E-03,2.50E-03,5.30E-05,1.97E-02,1.97E-02,2.06E-01,2.06E-01,2.51E-03,2.51E-03,2.82E-02,0.02820515
0.115,2.83E-09,4.53E-07,7.48E-06,0.000335415,0.00507117,0.002535575,0.002535575,0.205132,0.205132,0.02851625,0.02851625,0.00216293,0.000197947,1.61E-06,2.30E-03,2.30E-03,2.70E-03,2.70E-03,5.94E-05,1.76E-02,1.76E-02,2.05E-01,2.05E-01,2.54E-03,2.54E-03,2.96E-02,0.029569
0.12,3.62E-09,5.60E-07,8.81E-06,0.000376875,0.00542572,0.002559915,0.002559915,0.204351,0.204351,0.0297534,0.0297534,0.00236529,0.000226892,1.92E-06,2.51E-03,2.51E-03,2.91E-03,2.91E-03,6.61E-05,1.58E-02,1.58E-02,2.04E-01,2.04E-01,2.56E-03,2.56E-03,3.09E-02,0.0309031
0.125,4.59E-09,6.85E-07,1.03E-05,0.000420806,0.00578039,0.002579385,0.002579385,0.2034655,0.2034655,0.03095735,0.03095735,0.00257434,0.000258358,2.26E-06,2.74E-03,2.74E-03,3.11E-03,3.11E-03,7.30E-05,1.42E-02,1.42E-02,2.04E-01,2.04E-01,2.58E-03,2.58E-03,3.22E-02,0.0322071
0.13,5.75E-09,8.30E-07,1.19E-05,0.000467163,0.00613448,0.002594515,0.002594515,0.2024955,0.2024955,0.032128,0.032128,0.0027897,0.000292409,2.63E-06,2.97E-03,2.97E-03,3.32E-03,3.32E-03,8.03E-05,1.29E-02,1.29E-02,2.03E-01,2.03E-01,2.60E-03,2.60E-03,3.35E-02,0.0334806
0.135,7.14E-09,9.97E-07,1.37E-05,0.000515896,0.00648738,0.002605805,0.002605805,0.201458,0.201458,0.03326555,0.03326555,0.00301102,0.000329105,3.05E-06,3.21E-03,3.21E-03,3.53E-03,3.53E-03,8.79E-05,1.18E-02,1.18E-02,2.02E-01,2.02E-01,2.61E-03,2.61E-03,3.47E-02,0.03472355
0.14,8.78E-09,1.19E-06,1.57E-05,0.000566949,0.00683856,0.00261371,0.00261371,0.200367,0.200367,0.0343701,0.0343701,0.00323794,0.000368498,3.52E-06,3.46E-03,3.46E-03,3.74E-03,3.74E-03,9.57E-05,1.08E-02,1.08E-02,2.01E-01,2.01E-01,2.62E-03,2.62E-03,3.59E-02,0.03593595
0.145,1.07E-08,1.41E-06,1.79E-05,0.000620266,0.00718756,0.002618635,0.002618635,0.1992345,0.1992345,0.03544205,0.03544205,0.00347012,0.000410635,4.03E-06,3.71E-03,3.71E-03,3.95E-03,3.95E-03,0.000103734,0.0099632,0.0099632,0.199433,0.199433,0.00262266,0.00262266,0.037118,0.037118
0.15,1.29E-08,1.65E-06,2.02E-05,0.000675784,0.00753399,0.002620945,0.002620945,0.198071,0.198071,0.03648185,0.03648185,0.00370723,0.000455561,4.59E-06,3.97E-03,3.97E-03,4.16E-03,4.16E-03,0.000112025,0.0092542,0.0092542,0.1982905,0.1982905,0.00262551,0.00262551,0.03826995,0.03826995
0.155,1.55E-08,1.93E-06,2.28E-05,0.000733441,0.00787752,0.002620985,0.002620985,0.196884,0.196884,0.03748985,0.03748985,0.00394893,0.000503313,5.20E-06,4.23E-03,4.23E-03,4.38E-03,4.38E-03,0.000120536,0.0086457,0.0086457,0.1971265,0.1971265,0.002626125,0.002626125,0.03939205,0.03939205
0.16,1.85E-08,2.24E-06,2.55E-05,0.000793172,0.00821788,0.00261904,0.00261904,0.195682,0.195682,0.03846675,0.03846675,0.00419493,0.000553924,5.86E-06,4.50E-03,4.50E-03,4.60E-03,4.60E-03,0.000129255,0.0081227,0.0081227,0.195948,0.195948,0.002624805,0.002624805,0.0404848,0.0404848
0.165,2.19E-08,2.59E-06,2.85E-05,0.000854911,0.00855483,0.00261538,0.00261538,0.1944695,0.1944695,0.03941305,0.03941305,0.00444491,0.000607424,6.57E-06,4.77E-03,4.77E-03,4.81E-03,4.81E-03,0.000138171,0.00767255,0.00767255,0.1947615,0.1947615,0.002621815,0.002621815,0.04154855,0.04154855
0.17,2.58E-08,2.97E-06,3.16E-05,0.000918592,0.00888818,0.002610245,0.002610245,0.1932525,0.1932525,0.0403294,0.0403294,0.00469858,0.000663837,7.34E-06,5.04E-03,5.04E-03,5.03E-03,5.03E-03,0.000147272,0.00728445,0.00728445,0.193571,0.193571,0.002617395,0.002617395,0.0425838,0.0425838
0.175,3.02E-08,3.40E-06,3.50E-05,0.000984149,0.00921778,0.00260384,0.00260384,0.1920345,0.1920345,0.0412165,0.0412165,0.00495566,0.000723184,8.16E-06,5.32E-03,5.32E-03,5.25E-03,5.25E-03,0.000156548,0.0069492,0.0069492,0.192381,0.192381,0.002611755,0.002611755,0.0435911,0.0435911
0.18,3.52E-08,3.86E-06,3.86E-05,0.00105151,0.00954352,0.00259635,0.00259635,0.190819,0.190819,0.0420749,0.0420749,0.00521588,0.000785482,9.05E-06,5.60E-03,5.60E-03,5.47E-03,5.47E-03,0.000165988,0.0066589,0.0066589,0.191195,0.191195,0.00260508,0.00260508,0.0445709,0.0445709
0.185,4.07E-08,4.38E-06,4.24E-05,0.00112062,0.0098653,0.002587945,0.002587945,0.189609,0.189609,0.0429054,0.0429054,0.00547897,0.000850743,9.99E-06,5.89E-03,5.89E-03,5.69E-03,5.69E-03,0.000175584,0.006407,0.006407,0.190016,0.190016,0.00259754,0.00259754,0.0455238,0.0455238
0.19,4.69E-08,4.94E-06,4.64E-05,0.0011914,0.010183,0.00257877,0.00257877,0.188407,0.188407,0.04370865,0.04370865,0.0057447,0.000918978,1.10E-05,6.18E-03,6.18E-03,5.91E-03,5.91E-03,0.000185327,0.0061878,0.0061878,0.188846,0.188846,0.002589275,0.002589275,0.0464504,0.0464504
0.195,5.38E-08,5.56E-06,5.07E-05,0.0012638,0.0104967,0.002568945,0.002568945,0.187214,0.187214,0.04448535,0.04448535,0.00601281,0.000990192,1.21E-05,6.47E-03,6.47E-03,6.13E-03,6.13E-03,0.000195207,0.00599655,0.00599655,0.1876865,0.1876865,0.00258042,0.00258042,0.0473512,0.0473512
0.2,6.15E-08,6.22E-06,5.52E-05,0.00133774,0.0108063,0.00255859,0.00255859,0.186033,0.186033,0.04523615,0.04523615,0.00628307,0.00106439,1.32E-05,6.77E-03,6.77E-03,6.35E-03,6.35E-03,0.000205219,0.00582905,0.00582905,0.18654,0.18654,0.00257108,0.00257108,0.0482268,0.0482268
0.205,7.00E-08,6.95E-06,5.99E-05,0.00141316,0.0111118,0.0025478,0.0025478,0.1848635,0.1848635,0.04596175,0.04596175,0.00655528,0.00114157,1.44E-05,7.06E-03,7.06E-03,6.58E-03,6.58E-03,0.000215354,0.00568195,0.00568195,0.185407,0.185407,0.002561355,0.002561355,0.0490778,0.0490778
0.21,7.93E-08,7.73E-06,6.48E-05,0.00149,0.0114131,0.002536655,0.002536655,0.183708,0.183708,0.0466628,0.0466628,0.0068292,0.00122173,1.57E-05,7.36E-03,7.36E-03,6.80E-03,6.80E-03,0.000225606,0.0055522,0.0055522,0.1842885,0.1842885,0.00255133,0.00255133,0.04990475,0.04990475
0.215,8.95E-08,8.57E-06,7.00E-05,0.0015682,0.0117104,0.002525235,0.002525235,0.182566,0.182566,0.04734005,0.04734005,0.00710465,0.00130486,1.70E-05,7.66E-03,7.66E-03,7.03E-03,7.03E-03,0.000235969,0.0054373,0.0054373,0.1831855,0.1831855,0.002541085,0.002541085,0.050708,0.050708
0.22,1.01E-07,9.48E-06,7.54E-05,0.00164769,0.0120036,0.002513605,0.002513605,0.181439,0.181439,0.0479941,0.0479941,0.00738143,0.00139096,1.84E-05,7.96E-03,7.96E-03,7.25E-03,7.25E-03,0.000246438,0.0053351,0.0053351,0.1820985,0.1820985,0.002530675,0.002530675,0.0514885,0.0514885
0.225,1.13E-07,1.05E-05,8.11E-05,0.00172843,0.0122928,0.00250182,0.00250182,0.180327,0.180327,0.0486256,0.0486256,0.00765936,0.00148001,1.98E-05,8.26E-03,8.26E-03,7.48E-03,7.48E-03,0.000257007,0.0052438,0.0052438,0.181028,0.181028,0.002520165,0.002520165,0.052247,0.052247
0.23,1.26E-07,1.15E-05,8.70E-05,0.00181035,0.012578,0.002489925,0.002489925,0.17923,0.17923,0.04923515,0.04923515,0.00793825,0.001572,2.14E-05,8.57E-03,8.57E-03,7.71E-03,7.71E-03,0.000267671,0.0051619,0.0051619,0.1799735,0.1799735,0.002509605,0.002509605,0.0529835,0.0529835
0.235,1.41E-07,1.26E-05,9.32E-05,0.0018934,0.0128592,0.00247797,0.00247797,0.178149,0.178149,0.04982345,0.04982345,0.00821795,0.00166692,2.30E-05,8.87E-03,8.87E-03,7.93E-03,7.93E-03,0.000278427,0.00508795,0.00508795,0.1789365,0.1789365,0.002499025,0.002499025,0.0536985,0.0536985
0.24,1.56E-07,1.38E-05,9.96E-05,0.00197752,0.0131365,0.00246598,0.00246598,0.177083,0.177083,0.050391,0.050391,0.00849829,0.00176475,2.47E-05,9.18E-03,9.18E-03,8.16E-03,8.16E-03,0.00028927,0.0050209,0.0050209,0.177916,0.177916,0.002488475,0.002488475,0.054393,0.054393
0.245,1.73E-07,1.51E-05,0.000106216,0.00206266,0.01341,0.002453995,0.002453995,0.176033,0.176033,0.0509385,0.0509385,0.00877912,0.00186547,2.64E-05,9.48E-03,9.48E-03,8.39E-03,8.39E-03,0.000300196,0.00495983,0.00495983,0.1769125,0.1769125,0.002477975,0.002477975,0.055067,0.055067
0.25,1.92E-07,1.64E-05,0.000113103,0.00214877,0.0136798,0.002442035,0.002442035,0.174999,0.174999,0.0514665,0.0514665,0.00906029,0.00196906,2.82E-05,9.79E-03,9.79E-03,8.62E-03,8.62E-03,0.000311203,0.004903855,0.004903855,0.175926,0.175926,0.002467555,0.002467555,0.0557215,0.0557215
0.255,2.11E-07,1.79E-05,0.000120236,0.0022358,0.0139458,0.00243013,0.00243013,0.17398,0.17398,0.051976,0.051976,0.00934167,0.0020755,3.01E-05,1.01E-02,1.01E-02,8.85E-03,8.85E-03,0.000322286,0.004852305,0.004852305,0.174956,0.174956,0.002457235,0.002457235,0.056357,0.056357
0.26,2.32E-07,1.94E-05,0.000127613,0.00232369,0.0142081,0.00241829,0.00241829,0.1729765,0.1729765,0.0524665,0.0524665,0.00962312,0.00218476,3.20E-05,1.04E-02,1.04E-02,9.08E-03,9.08E-03,0.000333444,0.004804585,0.004804585,0.1740025,0.1740025,0.002447035,0.002447035,0.0569735,0.0569735
0.265,2.55E-07,2.10E-05,0.000135236,0.00241241,0.0144668,0.002406535,0.002406535,0.171988,0.171988,0.0529395,0.0529395,0.00990453,0.00229682,3.41E-05,1.07E-02,1.07E-02,9.32E-03,9.32E-03,0.000344673,0.004760195,0.004760195,0.1730655,0.1730655,0.002436975,0.002436975,0.0575715,0.0575715
0.27,2.79E-07,2.27E-05,0.000143104,0.0025019,0.0147221,0.00239488,0.00239488,0.171015,0.171015,0.053395,0.053395,0.0101858,0.00241165,3.62E-05,1.10E-02,1.10E-02,9.55E-03,9.55E-03,0.000355971,0.004718695,0.004718695,0.172145,0.172145,0.00242706,0.00242706,0.0581525,0.0581525
0.275,3.05E-07,2.45E-05,0.000151215,0.00259213,0.0149738,0.00238333,0.00238333,0.1700565,0.1700565,0.0538335,0.0538335,0.0104667,0.00252922,3.83E-05,1.13E-02,1.13E-02,9.78E-03,9.78E-03,0.000367336,0.00467972,0.00467972,0.1712405,0.1712405,0.002417305,0.002417305,0.0587155,0.0587155
0.28,3.32E-07,2.63E-05,0.000159571,0.00268305,0.0152222,0.0023719,0.0023719,0.169113,0.169113,0.054256,0.054256,0.0107473,0.0026495,4.06E-05,1.16E-02,1.16E-02,1.00E-02,1.00E-02,0.000378766,0.00464295,0.00464295,0.1703515,0.1703515,0.00240772,0.00240772,0.059262,0.059262
0.285,3.61E-07,2.83E-05,0.00016817,0.00277461,0.0154673,0.002360595,0.002360595,0.1681835,0.1681835,0.054663,0.054663,0.0110274,0.00277247,4.29E-05,1.19E-02,1.19E-02,1.03E-02,1.03E-02,0.000390259,0.004608125,0.004608125,0.169478,0.169478,0.00239831,0.00239831,0.059792,0.059792
0.29,3.92E-07,3.04E-05,0.000177011,0.00286678,0.0157091,0.00234942,0.00234942,0.167268,0.167268,0.055054,0.055054,0.0113069,0.00289809,4.53E-05,1.22E-02,1.22E-02,1.05E-02,1.05E-02,0.000401813,0.00457501,0.00457501,0.1686195,0.1686195,0.002389075,0.002389075,0.0603065,0.0603065
0.295,4.25E-07,3.26E-05,0.000186093,0.00295952,0.0159476,0.00233838,0.00233838,0.166367,0.166367,0.0554305,0.0554305,0.0115858,0.00302632,4.77E-05,1.25E-02,1.25E-02,1.07E-02,1.07E-02,0.000413426,0.00454341,0.00454341,0.1677765,0.1677765,0.002380025,0.002380025,0.060805,0.060805
0.3,4.60E-07,3.49E-05,0.000195415,0.00305279,0.0161831,0.00232748,0.00232748,0.165479,0.165479,0.0557925,0.0557925,0.0118638,0.00315714,5.03E-05,1.28E-02,1.28E-02,1.10E-02,1.10E-02,0.000425097,0.00451315,0.00451315,0.166948,0.166948,0.002371165,0.002371165,0.061288,0.061288
0.305,4.97E-07,3.73E-05,0.000204977,0.00314656,0.0164155,0.00231672,0.00231672,0.1646045,0.1646045,0.05614,0.05614,0.0121411,0.00329052,5.29E-05,1.31E-02,1.31E-02,1.12E-02,1.12E-02,0.000436825,0.00448409,0.00448409,0.1661335,0.1661335,0.00236249,0.00236249,0.061757,0.061757
0.31,5.36E-07,3.98E-05,0.000214776,0.00324079,0.0166449,0.002306105,0.002306105,0.163743,0.163743,0.0564745,0.0564745,0.0124174,0.00342641,5.55E-05,1.34E-02,1.34E-02,1.14E-02,1.14E-02,0.000448608,0.004456105,0.004456105,0.1653335,0.1653335,0.002354005,0.002354005,0.062211,0.062211
0.315,5.77E-07,4.24E-05,0.000224811,0.00333544,0.0168713,0.002295635,0.002295635,0.1628945,0.1628945,0.0567955,0.0567955,0.0126928,0.00356478,5.83E-05,1.37E-02,1.37E-02,1.17E-02,1.17E-02,0.000460445,0.00442909,0.00442909,0.164547,0.164547,0.00234571,0.00234571,0.0626515,0.0626515
0.32,6.20E-07,4.51E-05,0.00023508,0.00343048,0.0170949,0.002285305,0.002285305,0.1620585,0.1620585,0.0571035,0.0571035,0.0129671,0.00370559,6.11E-05,1.40E-02,1.40E-02,1.19E-02,1.19E-02,0.000472335,0.004402945,0.004402945,0.1637745,0.1637745,0.002337605,0.002337605,0.063078,0.063078
0.325,6.66E-07,4.79E-05,0.000245583,0.00352588,0.0173157,0.00227512,0.00227512,0.161235,0.161235,0.0573995,0.0573995,0.0132403,0.00384881,6.39E-05,1.43E-02,1.43E-02,1.22E-02,1.22E-02,0.000484276,0.004377595,0.004377595,0.163015,0.163015,0.002329685,0.002329685,0.0634915,0.0634915
0.33,7.14E-07,5.09E-05,0.000256318,0.00362162,0.0175337,0.00226508,0.00226508,0.1604235,0.1604235,0.0576835,0.0576835,0.0135123,0.00399441,6.69E-05,1.46E-02,1.46E-02,1.24E-02,1.24E-02,0.000496267,0.004352975,0.004352975,0.162268,0.162268,0.002321955,0.002321955,0.0638915,0.0638915
0.335,7.64E-07,5.40E-05,0.000267282,0.00371765,0.017749,0.00225518,0.00225518,0.1596235,0.1596235,0.0579555,0.0579555,0.0137831,0.00414234,6.99E-05,1.49E-02,1.49E-02,1.27E-02,1.27E-02,0.000508308,0.00432902,0.00432902,0.1615345,0.1615345,0.00231441,0.00231441,0.0642795,0.0642795
0.34,8.17E-07,5.72E-05,0.000278474,0.00381396,0.0179616,0.002245425,0.002245425,0.158835,0.158835,0.058216,0.058216,0.0140527,0.00429256,7.30E-05,1.52E-02,1.52E-02,1.29E-02,1.29E-02,0.000520396,0.004305675,0.004305675,0.160813,0.160813,0.00230705,0.00230705,0.064655,0.064655
0.345,8.72E-07,6.05E-05,0.000289892,0.00391051,0.0181717,0.002235805,0.002235805,0.158058,0.158058,0.058466,0.058466,0.0143208,0.00444505,7.61E-05,1.55E-02,1.55E-02,1.31E-02,1.31E-02,0.000532533,0.004282905,0.004282905,0.1601035,0.1601035,0.00229987,0.00229987,0.0650185,0.0650185
0.35,9.29E-07,6.39E-05,0.000301534,0.00400728,0.0183792,0.002226325,0.002226325,0.157292,0.157292,0.058705,0.058705,0.0145877,0.00459975,7.93E-05,1.58E-02,1.58E-02,1.34E-02,1.34E-02,0.000544715,0.00426066,0.00426066,0.1594065,0.1594065,0.00229287,0.00229287,0.0653705,0.0653705
0.355,9.90E-07,6.75E-05,0.000313398,0.00410424,0.0185842,0.002216985,0.002216985,0.156537,0.156537,0.0589335,0.0589335,0.0148531,0.00475664,8.26E-05,1.61E-02,1.61E-02,1.36E-02,1.36E-02,0.000556942,0.00423891,0.00423891,0.1587205,0.1587205,0.002286045,0.002286045,0.0657115,0.0657115
0.36,1.05E-06,7.12E-05,0.000325482,0.00420137,0.0187868,0.002207775,0.002207775,0.155792,0.155792,0.0591525,0.0591525,0.0151171,0.00491566,8.59E-05,1.64E-02,1.64E-02,1.39E-02,1.39E-02,0.000569214,0.004217625,0.004217625,0.1580465,0.1580465,0.002279395,0.002279395,0.066041,0.066041
0.365,1.12E-06,7.51E-05,0.000337785,0.00429865,0.018987,0.0021987,0.0021987,0.155058,0.155058,0.0593615,0.0593615,0.0153795,0.0050768,8.93E-05,1.66E-02,1.66E-02,1.41E-02,1.41E-02,0.000581529,0.00419678,0.00419678,0.157383,0.157383,0.002272915,0.002272915,0.06636,0.06636
0.37,1.19E-06,7.90E-05,0.000350302,0.00439604,0.0191849,0.002189755,0.002189755,0.1543335,0.1543335,0.059561,0.059561,0.0156405,0.00523999,9.28E-05,1.69E-02,1.69E-02,1.44E-02,1.44E-02,0.000593886,0.004176345,0.004176345,0.156731,0.156731,0.002266605,0.002266605,0.0666685,0.0666685
0.375,1.26E-06,8.31E-05,0.000363034,0.00449354,0.0193805,0.002180935,0.002180935,0.1536195,0.1536195,0.0597515,0.0597515,0.0158999,0.00540522,9.63E-05,1.72E-02,1.72E-02,1.46E-02,1.46E-02,0.000606285,0.004156305,0.004156305,0.156089,0.156089,0.00226046,0.00226046,0.066967,0.066967
0.38,1.33E-06,8.74E-05,0.000375977,0.00459111,0.0195739,0.002172245,0.002172245,0.152915,0.152915,0.059933,0.059933,0.0161577,0.00557243,9.99E-05,1.75E-02,1.75E-02,1.49E-02,1.49E-02,0.000618724,0.004136635,0.004136635,0.155458,0.155458,0.002254475,0.002254475,0.0672555,0.0672555
0.385,1.41E-06,9.17E-05,0.000389129,0.00468873,0.0197651,0.002163675,0.002163675,0.15222,0.15222,0.0601055,0.0601055,0.0164139,0.00574158,0.000103572,0.0177463,0.0177463,0.01511435,0.01511435,0.000631203,0.004117325,0.004117325,0.154837,0.154837,0.002248645,0.002248645,0.067534,0.067534
0.39,1.49E-06,9.63E-05,0.000402488,0.0047864,0.0199541,0.002155225,0.002155225,0.151534,0.151534,0.06027,0.06027,0.0166685,0.00591265,0.000107283,0.0180196,0.0180196,0.0153638,0.0153638,0.00064372,0.004098355,0.004098355,0.1542255,0.1542255,0.002242975,0.002242975,0.0678035,0.0678035
0.395,1.57E-06,0.000100919,0.000416052,0.00488408,0.0201411,0.0021469,0.0021469,0.1508575,0.1508575,0.0604265,0.0604265,0.0169214,0.00608558,0.000111054,0.01829095,0.01829095,0.01561375,0.01561375,0.000656274,0.00407971,0.00407971,0.1536245,0.1536245,0.00223746,0.00223746,0.068064,0.068064
0.4,1.66E-06,0.000105718,0.000429818,0.00498177,0.0203259,0.002138685,0.002138685,0.1501895,0.1501895,0.0605755,0.0605755,0.0171727,0.00626035,0.000114883,0.01856025,0.01856025,0.01586415,0.01586415,0.000668865,0.004061385,0.004061385,0.1530325,0.1530325,0.00223209,0.00223209,0.0683155,0.0683155
0.405,1.75E-06,0.00011066,0.000443783,0.00507944,0.0205088,0.00213059,0.00213059,0.1495305,0.1495305,0.0607165,0.0607165,0.0174223,0.00643691,0.000118769,0.0188276,0.0188276,0.016115,0.016115,0.000681492,0.00404336,0.00404336,0.15245,0.15245,0.00222687,0.00222687,0.068558,0.068558
0.41,1.84E-06,0.000115747,0.000457947,0.00517707,0.0206897,0.002122605,0.002122605,0.1488795,0.1488795,0.06085,0.06085,0.0176701,0.00661522,0.000122712,0.01909285,0.01909285,0.01636625,0.01636625,0.000694153,0.004025625,0.004025625,0.1518765,0.1518765,0.00222179,0.00222179,0.0687925,0.0687925
0.415,1.94E-06,0.00012098,0.000472305,0.00527465,0.0208686,0.002114725,0.002114725,0.1482375,0.1482375,0.0609765,0.0609765,0.0179163,0.00679525,0.00012671,0.0193561,0.0193561,0.01661795,0.01661795,0.000706848,0.00400818,0.00400818,0.151312,0.151312,0.00221685,0.00221685,0.0690185,0.0690185
0.42,2.03E-06,0.00012636,0.000486857,0.00537216,0.0210456,0.00210696,0.00210696,0.147603,0.147603,0.061096,0.061096,0.0181607,0.00697695,0.000130763,0.0196173,0.0196173,0.01687005,0.01687005,0.000719576,0.003991005,0.003991005,0.1507565,0.1507565,0.00221205,0.00221205,0.0692365,0.0692365
0.425,2.14E-06,0.000131889,0.000501599,0.0054696,0.0212208,0.002099295,0.002099295,0.146977,0.146977,0.061209,0.061209,0.0184034,0.00716029,0.00013487,0.0198764,0.0198764,0.01712245,0.01712245,0.000732335,0.003974095,0.003974095,0.150209,0.150209,0.002207385,0.002207385,0.069447,0.069447
0.43,2.24E-06,0.000137569,0.000516529,0.00556694,0.0213941,0.002091735,0.002091735,0.1463585,0.1463585,0.061315,0.061315,0.0186444,0.00734523,0.000139031,0.02013345,0.02013345,0.01737525,0.01737525,0.000745125,0.00395744,0.00395744,0.1496705,0.1496705,0.00220285,0.00220285,0.0696495,0.0696495
0.435,2.35E-06,0.000143399,0.000531644,0.00566416,0.0215656,0.002084275,0.002084275,0.145748,0.145748,0.061415,0.061415,0.0188835,0.00753174,0.000143243,0.0203884,0.0203884,0.01762835,0.01762835,0.000757944,0.00394104,0.00394104,0.1491395,0.1491395,0.00219844,0.00219844,0.069845,0.069845
0.44,2.46E-06,0.000149381,0.000546943,0.00576127,0.0217354,0.002076915,0.002076915,0.145145,0.145145,0.061509,0.061509,0.019121,0.00771977,0.000147506,0.02064125,0.02064125,0.01788175,0.01788175,0.000770791,0.00392488,0.00392488,0.148617,0.148617,0.00219416,0.00219416,0.070033,0.070033
0.445,2.58E-06,0.000155517,0.000562423,0.00585824,0.0219035,0.002069655,0.002069655,0.144549,0.144549,0.061597,0.061597,0.0193566,0.00790929,0.00015182,0.020892,0.020892,0.01813545,0.01813545,0.000783667,0.00390896,0.00390896,0.148102,0.148102,0.00219,0.00219,0.0702145,0.0702145
0.45,2.70E-06,0.000161808,0.000578081,0.00595506,0.0220698,0.002062485,0.002062485,0.1439605,0.1439605,0.061679,0.061679,0.0195905,0.00810026,0.000156183,0.0211406,0.0211406,0.01838935,0.01838935,0.000796568,0.00389327,0.00389327,0.1475945,0.1475945,0.00218596,0.00218596,0.0703885,0.0703885
0.455,2.82E-06,0.000168253,0.000593916,0.00605172,0.0222345,0.00205541,0.00205541,0.1433785,0.1433785,0.0617555,0.0617555,0.0198226,0.00829265,0.000160595,0.02138715,0.02138715,0.01864355,0.01864355,0.000809495,0.003877805,0.003877805,0.147095,0.147095,0.00218204,0.00218204,0.0705565,0.0705565
0.46,2.95E-06,0.000174855,0.000609923,0.00614821,0.0223976,0.00204843,0.00204843,0.142804,0.142804,0.061827,0.061827,0.020053,0.00848642,0.000165053,0.02163155,0.02163155,0.0188979,0.0188979,0.000822447,0.00386256,0.00386256,0.1466025,0.1466025,0.002178235,0.002178235,0.0707175,0.0707175
0.465,3.08E-06,0.000181614,0.000626103,0.00624452,0.0225591,0.002041535,0.002041535,0.142236,0.142236,0.061893,0.061893,0.0202816,0.00868153,0.000169559,0.0218739,0.0218739,0.0191525,0.0191525,0.000835422,0.003847525,0.003847525,0.146117,0.146117,0.00217454,0.00217454,0.0708725,0.0708725
0.47,3.21E-06,0.000188531,0.000642451,0.00634063,0.022719,0.002034725,0.002034725,0.1416745,0.1416745,0.061954,0.061954,0.0205084,0.00887795,0.00017411,0.0221141,0.0221141,0.01940725,0.01940725,0.000848418,0.003832705,0.003832705,0.145639,0.145639,0.002170955,0.002170955,0.0710215,0.0710215
0.475,3.35E-06,0.000195607,0.000658965,0.00643655,0.0228773,0.002028005,0.002028005,0.14112,0.14112,0.06201,0.06201,0.0207334,0.00907563,0.000178706,0.02235215,0.02235215,0.01966215,0.01966215,0.000861436,0.003818085,0.003818085,0.1451675,0.1451675,0.002167475,0.002167475,0.0711645,0.0711645
0.48,3.49E-06,0.000202843,0.000675644,0.00653225,0.0230342,0.002021365,0.002021365,0.1405715,0.1405715,0.062061,0.062061,0.0209567,0.00927456,0.000183346,0.02258815,0.02258815,0.01991715,0.01991715,0.000874474,0.003803665,0.003803665,0.1447025,0.1447025,0.0021641,0.0021641,0.0713015,0.0713015
0.485,3.64E-06,0.000210239,0.000692484,0.00662773,0.0231895,0.00201481,0.00201481,0.140029,0.140029,0.0621075,0.0621075,0.0211782,0.00947469,0.000188028,0.02282205,0.02282205,0.02017225,0.02017225,0.000887531,0.00378944,0.00378944,0.1442445,0.1442445,0.00216083,0.00216083,0.0714335,0.0714335
0.49,3.79E-06,0.000217796,0.000709484,0.00672298,0.0233434,0.002008335,0.002008335,0.139493,0.139493,0.06215,0.06215,0.021398,0.00967599,0.000192752,0.02305385,0.02305385,0.0204275,0.0204275,0.000900606,0.0037754,0.0037754,0.1437925,0.1437925,0.002157655,0.002157655,0.0715595,0.0715595
0.495,3.94E-06,0.000225516,0.000726641,0.00681799,0.0234959,0.00200194,0.00200194,0.138963,0.138963,0.0621875,0.0621875,0.021616,0.00987843,0.000197518,0.0232836,0.0232836,0.02068275,0.02068275,0.000913698,0.003761555,0.003761555,0.143347,0.143347,0.00215458,0.00215458,0.07168,0.07168
0.5,4.10E-06,0.000233397,0.000743953,0.00691275,0.0236469,0.00199562,0.00199562,0.138439,0.138439,0.0622215,0.0622215,0.0218322,0.010082,0.000202323,0.0235112,0.0235112,0.02093805,0.02093805,0.000926805,0.003747885,0.003747885,0.142908,0.142908,0.0021516,0.0021516,0.0717955,0.0717955
0.505,4.26E-06,0.000241442,0.000761417,0.00700727,0.0237966,0.00198938,0.00198938,0.1379205,0.1379205,0.062251,0.062251,0.0220467,0.0102866,0.000207168,0.02373675,0.02373675,0.0211934,0.0211934,0.000939927,0.003734395,0.003734395,0.1424745,0.1424745,0.00214871,0.00214871,0.071906,0.071906
0.51,4.42E-06,0.00024965,0.000779031,0.00710152,0.0239449,0.00198321,0.00198321,0.1374075,0.1374075,0.0622765,0.0622765,0.0222595,0.0104922,0.000212051,0.02396025,0.02396025,0.02144875,0.02144875,0.000953063,0.00372108,0.00372108,0.142047,0.142047,0.002145915,0.002145915,0.0720115,0.0720115
0.515,4.59E-06,0.000258023,0.000796793,0.0071955,0.0240918,0.00197711,0.00197711,0.1369005,0.1369005,0.0622985,0.0622985,0.0224706,0.0106989,0.000216971,0.0241817,0.0241817,0.02170405,0.02170405,0.000966211,0.003707935,0.003707935,0.1416255,0.1416255,0.002143205,0.002143205,0.072112,0.072112
0.52,4.76E-06,0.00026656,0.000814701,0.00728921,0.0242374,0.001971085,0.001971085,0.1363985,0.1363985,0.0623165,0.0623165,0.02268,0.0109065,0.000221928,0.0244011,0.0244011,0.0219593,0.0219593,0.00097937,0.003694955,0.003694955,0.1412095,0.1412095,0.00214058,0.00214058,0.0722085,0.0722085
0.525,4.94E-06,0.000275263,0.000832753,0.00738264,0.0243818,0.00196513,0.00196513,0.135902,0.135902,0.062331,0.062331,0.0228876,0.011115,0.000226921,0.0246185,0.0246185,0.0222145,0.0222145,0.00099254,0.00368214,0.00368214,0.140799,0.140799,0.00213804,0.00213804,0.0723,0.0723
0.53,5.12E-06,0.000284131,0.000850945,0.00747578,0.0245249,0.001959245,0.001959245,0.135411,0.135411,0.062342,0.062342,0.0230936,0.0113245,0.000231948,0.0248338,0.0248338,0.02246965,0.02246965,0.00100572,0.003669485,0.003669485,0.140394,0.140394,0.002135585,0.002135585,0.072387,0.072387
0.535,5.31E-06,0.000293165,0.000869277,0.00756863,0.0246667,0.001953425,0.001953425,0.134925,0.134925,0.06235,0.06235,0.0232979,0.0115349,0.000237009,0.02504715,0.02504715,0.02272465,0.02272465,0.00101891,0.003656985,0.003656985,0.1399945,0.1399945,0.002133205,0.002133205,0.0724695,0.0724695
0.54,5.49E-06,0.000302365,0.000887745,0.00766118,0.0248073,0.00194767,0.00194767,0.1344435,0.1344435,0.0623545,0.0623545,0.0235005,0.0117461,0.000242102,0.0252585,0.0252585,0.0229796,0.0229796,0.0010321,0.00364464,0.00364464,0.1396,0.1396,0.00213091,0.00213091,0.0725485,0.0725485
0.545,5.69E-06,0.000311732,0.000906349,0.00775342,0.0249466,0.00194198,0.00194198,0.1339675,0.1339675,0.062356,0.062356,0.0237014,0.0119581,0.000247228,0.0254678,0.0254678,0.02323435,0.02323435,0.0010453,0.003632445,0.003632445,0.1392105,0.1392105,0.002128685,0.002128685,0.072623,0.072623
0.55,5.88E-06,0.000321266,0.000925084,0.00784536,0.0250848,0.001936355,0.001936355,0.1334965,0.1334965,0.062354,0.062354,0.0239007,0.0121709,0.000252386,0.0256752,0.0256752,0.02348895,0.02348895,0.00105851,0.003620395,0.003620395,0.138826,0.138826,0.002126535,0.002126535,0.0726935,0.0726935
0.555,6.08E-06,0.000330967,0.00094395,0.00793699,0.0252218,0.00193079,0.00193079,0.13303,0.13303,0.0623495,0.0623495,0.0240984,0.0123845,0.000257573,0.0258806,0.0258806,0.0237434,0.0237434,0.00107171,0.00360849,0.00360849,0.1384465,0.1384465,0.00212446,0.00212446,0.07276,0.07276
0.56,6.29E-06,0.000340836,0.000962945,0.0080283,0.0253577,0.001925285,0.001925285,0.1325685,0.1325685,0.062342,0.062342,0.0242944,0.0125988,0.00026279,0.02608405,0.02608405,0.0239976,0.0239976,0.00108493,0.003596725,0.003596725,0.138072,0.138072,0.002122455,0.002122455,0.072823,0.072823
0.565,6.50E-06,0.000350872,0.000982065,0.00811928,0.0254924,0.00191984,0.00191984,0.132111,0.132111,0.062332,0.062332,0.0244888,0.0128138,0.000268036,0.0262856,0.0262856,0.02425165,0.02425165,0.00109814,0.0035851,0.0035851,0.137702,0.137702,0.00212052,0.00212052,0.0728825,0.0728825
0.57,6.71E-06,0.000361077,0.00100131,0.00820994,0.025626,0.001914455,0.001914455,0.1316585,0.1316585,0.062319,0.062319,0.0246816,0.0130295,0.00027331,0.0264852,0.0264852,0.0245054,0.0245054,0.00111135,0.003573615,0.003573615,0.1373365,0.1373365,0.00211865,0.00211865,0.0729385,0.0729385
0.575,6.93E-06,0.000371449,0.00102068,0.00830028,0.0257585,0.00190913,0.00190913,0.1312105,0.1312105,0.0623035,0.0623035,0.0248728,0.0132458,0.000278611,0.0266829,0.0266829,0.02475895,0.02475895,0.00112457,0.003562255,0.003562255,0.1369755,0.1369755,0.00211685,0.00211685,0.0729905,0.0729905
0.58,7.15E-06,0.000381989,0.00104016,0.00839028,0.02589,0.001903855,0.001903855,0.1307665,0.1307665,0.0622855,0.0622855,0.0250625,0.0134628,0.000283938,0.0268787,0.0268787,0.02501225,0.02501225,0.00113778,0.00355103,0.00355103,0.136619,0.136619,0.00211511,0.00211511,0.0730395,0.0730395
0.585,7.38E-06,0.000392698,0.00105977,0.00847994,0.0260203,0.00189864,0.00189864,0.130327,0.130327,0.0622655,0.0622655,0.0252506,0.0136803,0.00028929,0.02707265,0.02707265,0.0252652,0.0252652,0.00115099,0.003539935,0.003539935,0.136267,0.136267,0.002113435,0.002113435,0.0730855,0.0730855
0.59,7.61E-06,0.000403575,0.00107949,0.00856926,0.0261496,0.00189348,0.00189348,0.1298915,0.1298915,0.062243,0.062243,0.0254371,0.0138985,0.000294668,0.02726475,0.02726475,0.0255179,0.0255179,0.0011642,0.00352896,0.00352896,0.135919,0.135919,0.00211182,0.00211182,0.073128,0.073128
0.595,7.84E-06,0.000414621,0.00109933,0.00865825,0.0262779,0.00188837,0.00188837,0.1294605,0.1294605,0.062218,0.062218,0.0256221,0.0141171,0.000300069,0.027455,0.027455,0.02577025,0.02577025,0.0011774,0.00351811,0.00351811,0.135575,0.135575,0.00211026,0.00211026,0.073167,0.073167
0.6,8.08E-06,0.000425835,0.00111928,0.00874688,0.0264051,0.001883315,0.001883315,0.1290335,0.1290335,0.062191,0.062191,0.0258056,0.0143363,0.000305493,0.0276434,0.0276434,0.0260223,0.0260223,0.0011906,0.00350738,0.00350738,0.1352355,0.1352355,0.002108765,0.002108765,0.0732035,0.0732035
0.605,8.32E-06,0.000437217,0.00113933,0.00883517,0.0265313,0.00187831,0.00187831,0.1286105,0.1286105,0.0621615,0.0621615,0.0259876,0.014556,0.000310939,0.02783,0.02783,0.02627395,0.02627395,0.00120379,0.00349677,0.00349677,0.1348995,0.1348995,0.00210732,0.00210732,0.073237,0.073237
0.61,8.57E-06,0.000448767,0.0011595,0.00892311,0.0266566,0.001873355,0.001873355,0.128191,0.128191,0.0621305,0.0621305,0.026168,0.0147762,0.000316408,0.0280148,0.0280148,0.0265253,0.0265253,0.00121697,0.003486275,0.003486275,0.134568,0.134568,0.002105935,0.002105935,0.073268,0.073268
0.615,8.82E-06,0.000460486,0.00117978,0.0090107,0.0267808,0.00186845,0.00186845,0.127776,0.127776,0.0620975,0.0620975,0.026347,0.0149968,0.000321897,0.02819785,0.02819785,0.0267762,0.0267762,0.00123015,0.003475895,0.003475895,0.13424,0.13424,0.0021046,0.0021046,0.0732955,0.0732955
0.62,9.08E-06,0.000472373,0.00120015,0.00909794,0.0269041,0.001863595,0.001863595,0.1273645,0.1273645,0.0620625,0.0620625,0.0265246,0.0152179,0.000327406,0.0283791,0.0283791,0.02702675,0.02702675,0.00124332,0.003465625,0.003465625,0.1339155,0.1339155,0.00210332,0.00210332,0.073321,0.073321
0.625,9.34E-06,0.000484428,0.00122064,0.00918482,0.0270265,0.001858785,0.001858785,0.1269565,0.1269565,0.0620255,0.0620255,0.0267007,0.0154393,0.000332934,0.0285586,0.0285586,0.02727685,0.02727685,0.00125647,0.003455465,0.003455465,0.133595,0.133595,0.00210209,0.00210209,0.0733435,0.0733435
0.63,9.60E-06,0.000496651,0.00124122,0.00927134,0.0271479,0.001854025,0.001854025,0.1265525,0.1265525,0.061987,0.061987,0.0268753,0.0156611,0.000338482,0.0287364,0.0287364,0.02752655,0.02752655,0.00126962,0.003445415,0.003445415,0.1332785,0.1332785,0.00210091,0.00210091,0.0733635,0.0733635
0.635,9.87E-06,0.000509042,0.0012619,0.0093575,0.0272684,0.00184931,0.00184931,0.126152,0.126152,0.0619465,0.0619465,0.0270486,0.0158833,0.000344047,0.0289125,0.0289125,0.0277758,0.0277758,0.00128275,0.00343547,0.00343547,0.132965,0.132965,0.00209978,0.00209978,0.073381,0.073381
0.64,1.01E-05,0.000521601,0.00128268,0.0094433,0.027388,0.00184464,0.00184464,0.125755,0.125755,0.0619045,0.0619045,0.0272204,0.0161058,0.00034963,0.02908685,0.02908685,0.0280246,0.0280246,0.00129588,0.003425625,0.003425625,0.132655,0.132655,0.002098695,0.002098695,0.073396,0.073396
0.645,1.04E-05,0.000534327,0.00130356,0.00952874,0.0275066,0.001840015,0.001840015,0.1253615,0.1253615,0.061861,0.061861,0.0273909,0.0163286,0.000355229,0.02925955,0.02925955,0.0282729,0.0282729,0.00130898,0.003415885,0.003415885,0.1323485,0.1323485,0.002097655,0.002097655,0.073409,0.073409
0.65,1.07E-05,0.00054722,0.00132453,0.00961381,0.0276244,0.001835435,0.001835435,0.1249715,0.1249715,0.061816,0.061816,0.0275599,0.0165517,0.000360844,0.0294306,0.0294306,0.02852075,0.02852075,0.00132208,0.00340624,0.00340624,0.1320455,0.1320455,0.00209666,0.00209666,0.0734195,0.0734195
0.655,1.10E-05,0.00056028,0.0013456,0.00969852,0.0277413,0.001830895,0.001830895,0.124585,0.124585,0.0617695,0.0617695,0.0277276,0.0167751,0.000366474,0.02959995,0.02959995,0.02876805,0.02876805,0.00133516,0.0033967,0.0033967,0.131746,0.131746,0.00209571,0.00209571,0.073428,0.073428
0.66,1.13E-05,0.000573507,0.00136675,0.00978286,0.0278574,0.0018264,0.0018264,0.124202,0.124202,0.0617215,0.0617215,0.027894,0.0169987,0.000372119,0.0297677,0.0297677,0.0290149,0.0290149,0.00134822,0.00338725,0.00338725,0.131449,0.131449,0.0020948,0.0020948,0.073434,0.073434
0.665,1.16E-05,0.000586901,0.001388,0.00986684,0.0279726,0.001821945,0.001821945,0.123822,0.123822,0.061672,0.061672,0.028059,0.0172226,0.000377778,0.02993385,0.02993385,0.0292612,0.0292612,0.00136126,0.0033779,0.0033779,0.131156,0.131156,0.002093935,0.002093935,0.073438,0.073438
0.67,1.19E-05,0.00060046,0.00140933,0.00995045,0.028087,0.00181753,0.00181753,0.1234455,0.1234455,0.0616215,0.0616215,0.0282227,0.0174467,0.000383451,0.0300984,0.0300984,0.02950695,0.02950695,0.00137429,0.00336864,0.00336864,0.1308655,0.1308655,0.002093105,0.002093105,0.07344,0.07344
0.675,1.22E-05,0.000614186,0.00143075,0.0100337,0.0282005,0.00181316,0.00181316,0.1230715,0.1230715,0.0615695,0.0615695,0.0283851,0.0176709,0.000389136,0.03026135,0.03026135,0.0297522,0.0297522,0.0013873,0.003359475,0.003359475,0.130578,0.130578,0.00209232,0.00209232,0.07344,0.07344
0.68,1.25E-05,0.000628077,0.00145226,0.0101166,0.0283132,0.001808825,0.001808825,0.1227015,0.1227015,0.0615165,0.0615165,0.0285463,0.0178954,0.000394833,0.03042275,0.03042275,0.02999685,0.02999685,0.00140029,0.003350395,0.003350395,0.130294,0.130294,0.00209157,0.00209157,0.0734385,0.0734385
0.685,1.28E-05,0.000642133,0.00147384,0.0101991,0.0284251,0.00180453,0.00180453,0.122334,0.122334,0.061462,0.061462,0.0287061,0.01812,0.000400542,0.0305826,0.0305826,0.03024095,0.03024095,0.00141326,0.003341405,0.003341405,0.1300125,0.1300125,0.002090855,0.002090855,0.0734345,0.0734345
0.69,1.31E-05,0.000656354,0.00149551,0.0102812,0.0285362,0.001800275,0.001800275,0.12197,0.12197,0.0614065,0.0614065,0.0288647,0.0183447,0.000406261,0.0307409,0.0307409,0.03048445,0.03048445,0.0014262,0.0033325,0.0033325,0.129734,0.129734,0.00209018,0.00209018,0.073429,0.073429
0.695,1.34E-05,0.00067074,0.00151726,0.010363,0.0286465,0.001796055,0.001796055,0.1216085,0.1216085,0.06135,0.06135,0.029022,0.0185696,0.000411991,0.0308977,0.0308977,0.03072735,0.03072735,0.00143913,0.00332368,0.00332368,0.1294585,0.1294585,0.002089535,0.002089535,0.073422,0.073422
0.7,1.38E-05,0.000685289,0.00153909,0.0104444,0.028756,0.00179187,0.00179187,0.12125,0.12125,0.0612925,0.0612925,0.0291781,0.0187945,0.000417731,0.031053,0.031053,0.03096965,0.03096965,0.00145203,0.003314945,0.003314945,0.1291855,0.1291855,0.00208893,0.00208893,0.073413,0.073413
0.705,1.41E-05,0.000700002,0.001561,0.0105254,0.0288648,0.001787725,0.001787725,0.120895,0.120895,0.0612335,0.0612335,0.029333,0.0190195,0.000423479,0.0312068,0.0312068,0.03121135,0.03121135,0.00146491,0.003306295,0.003306295,0.1289155,0.1289155,0.002088355,0.002088355,0.0734025,0.0734025
0.71,1.44E-05,0.000714879,0.00158298,0.010606,0.0289728,0.00178362,0.00178362,0.1205425,0.1205425,0.061174,0.061174,0.0294867,0.0192446,0.000429237,0.03135915,0.03135915,0.0314524,0.0314524,0.00147777,0.00329772,0.00329772,0.128648,0.128648,0.00208781,0.00208781,0.07339,0.07339
