Time,AI,AF,AD,AL,AA,BD,BC,AM,AN,AY,AZ,AC,AK,AH,AT,AS,AR,AQ,AG,BB,BA,AO,AP,AV,AU,AX,AW
0,0,0,0,0,0,0.5,0.5,0,0,0,0,0,0,0,0,0,0,0,0,0,0,0,0,0,0,0,0
0.004,2.27E-13,6.85E-10,2.47E-07,0.000222141,0.0598975,0.43988,0.43988,0.0299238,0.0299238,0.000110886,0.000110886,2.47E-07,6.85E-10,2.27E-13,1.23E-07,1.23E-07,3.45E-10,3.45E-10,2.29E-13,2.45E-05,2.45E-05,5.34E-07,5.34E-07,2.20E-10,2.20E-10,1.09E-09,1.08537E-09
0.008,7.00E-12,1.06E-08,1.90E-06,0.000845817,0.11207,0.3870825,0.3870825,0.0559415,0.0559415,0.000421499,0.000421499,1.89E-06,1.06E-08,6.99E-12,9.45E-07,9.45E-07,5.36E-09,5.36E-09,7.08E-12,8.97E-05,8.97E-05,3.99E-06,3.99E-06,3.25E-09,3.25E-09,1.64E-08,1.64259E-08
0.012,5.12E-11,5.18E-08,6.16E-06,0.00181295,0.157466,0.3407145,0.3407145,0.078537,0.078537,0.00090193,0.00090193,6.13E-06,5.17E-08,5.10E-11,3.06E-06,3.06E-06,2.64E-08,2.64E-08,5.19E-11,1.85E-04,1.85E-04,1.26E-05,1.26E-05,1.52E-08,1.52E-08,7.87E-08,7.8707E-08
0.016,2.07E-10,1.58E-07,1.40E-05,0.00307274,0.19692,0.299992,0.299992,0.098134,0.098134,0.00152608,0.00152608,1.40E-05,1.58E-07,2.07E-10,6.95E-06,6.95E-06,8.10E-08,8.10E-08,2.11E-10,3.02E-04,3.02E-04,2.79E-05,2.79E-05,4.45E-08,4.45E-08,2.36E-07,2.35585E-07
0.02,6.09E-10,3.74E-07,2.63E-05,0.00458076,0.231163,0.2642275,0.2642275,0.115104,0.115104,0.00227116,0.00227116,2.62E-05,3.72E-07,6.06E-10,1.30E-05,1.30E-05,1.92E-07,1.92E-07,6.23E-10,4.33E-04,4.33E-04,5.10E-05,5.10E-05,1.00E-07,1.00E-07,5.45E-07,5.4503E-07
0.024,1.46E-09,7.51E-07,4.38E-05,0.00629817,0.260838,0.232817,0.232817,0.129774,0.129774,0.003117315,0.003117315,4.35E-05,7.46E-07,1.45E-09,2.16E-05,2.16E-05,3.87E-07,3.87E-07,1.50E-09,5.74E-04,5.74E-04,8.26E-05,8.26E-05,1.93E-07,1.93E-07,1.07E-06,1.0716E-06
0.028,3.03E-09,1.35E-06,6.69E-05,0.00819105,0.286508,0.2052285,0.2052285,0.142429,0.142429,0.00404723,0.00404723,6.63E-05,1.34E-06,3.02E-09,3.30E-05,3.30E-05,6.96E-07,6.96E-07,3.12E-09,7.18E-04,7.18E-04,1.23E-04,1.23E-04,3.31E-07,3.31E-07,1.88E-06,1.88347E-06
0.032,5.70E-09,2.22E-06,9.62E-05,0.0102298,0.308669,0.1809975,0.1809975,0.1533205,0.1533205,0.00504585,0.00504585,9.53E-05,2.21E-06,5.66E-09,4.73E-05,4.73E-05,1.15E-06,1.15E-06,5.88E-09,8.64E-04,8.64E-04,1.72E-04,1.72E-04,5.23E-07,5.23E-07,3.05E-06,3.05009E-06
0.036,9.89E-09,3.45E-06,0.000131997,0.0123886,0.327755,0.1597145,0.1597145,0.1626685,0.1626685,0.00610005,0.00610005,0.000130508,3.42E-06,9.82E-09,6.48E-05,6.48E-05,1.79E-06,1.79E-06,1.02E-08,1.01E-03,1.01E-03,2.30E-04,2.30E-04,7.78E-07,7.78E-07,4.64E-06,4.64038E-06
0.04,1.61E-08,5.10E-06,0.000174533,0.0146448,0.344147,0.1410195,0.1410195,0.170666,0.170666,0.0071985,0.0071985,0.000172347,5.05E-06,1.60E-08,8.55E-05,8.55E-05,2.66E-06,2.66E-06,1.68E-08,1.15E-03,1.15E-03,2.97E-04,2.97E-04,1.10E-06,1.10E-06,6.72E-06,6.72135E-06
0.044,2.51E-08,7.23E-06,0.000224022,0.016979,0.35818,0.124598,0.124598,0.177482,0.177482,0.00833125,0.00833125,0.000220937,7.15E-06,2.48E-08,1.10E-04,1.10E-04,3.78E-06,3.78E-06,2.61E-08,1.28E-03,1.28E-03,3.71E-04,3.71E-04,1.50E-06,1.50E-06,9.36E-06,9.35715E-06
0.048,3.73E-08,9.93E-06,0.000280596,0.019374,0.370148,0.1101725,0.1101725,0.1832645,0.1832645,0.00948975,0.00948975,0.000276384,9.81E-06,3.69E-08,1.37E-04,1.37E-04,5.20E-06,5.20E-06,3.89E-08,1.41E-03,1.41E-03,4.54E-04,4.54E-04,1.97E-06,1.97E-06,1.26E-05,1.26082E-05
0.052,5.37E-08,1.33E-05,0.000344333,0.021815,0.38031,0.0975,0.0975,0.1881445,0.1881445,0.01066665,0.01066665,0.000338738,1.31E-05,5.31E-08,1.68E-04,1.68E-04,6.95E-06,6.95E-06,5.60E-08,1.54E-03,1.54E-03,5.43E-04,5.43E-04,2.52E-06,2.52E-06,1.65E-05,1.65306E-05
0.056,7.50E-08,1.73E-05,0.000415267,0.0242892,0.38889,0.0863665,0.0863665,0.192235,0.192235,0.0118555,0.0118555,0.000408005,1.71E-05,7.41E-08,2.02E-04,2.02E-04,9.08E-06,9.08E-06,7.84E-08,1.65E-03,1.65E-03,6.39E-04,6.39E-04,3.16E-06,3.16E-06,2.12E-05,2.11761E-05
0.06,1.02E-07,2.21E-05,0.000493388,0.0267853,0.396089,0.076585,0.076585,0.195637,0.195637,0.0130508,0.0130508,0.000484151,2.18E-05,1.01E-07,2.39E-04,2.39E-04,1.16E-05,1.16E-05,1.07E-07,1.76E-03,1.76E-03,7.42E-04,7.42E-04,3.88E-06,3.88E-06,2.66E-05,2.65919E-05
0.064,1.36E-07,2.78E-05,0.000578659,0.0292939,0.40208,0.0679905,0.0679905,0.1984375,0.1984375,0.0142478,0.0142478,0.00056711,2.74E-05,1.34E-07,2.80E-04,2.80E-04,1.46E-05,1.46E-05,1.43E-07,1.85E-03,1.85E-03,8.50E-04,8.50E-04,4.68E-06,4.68E-06,3.28E-05,3.28202E-05
0.068,1.78E-07,3.44E-05,0.000671009,0.0318064,0.407016,0.0604385,0.0604385,0.2007135,0.2007135,0.01544245,0.01544245,0.000656791,3.39E-05,1.75E-07,3.24E-04,3.24E-04,1.81E-05,1.81E-05,1.87E-07,1.95E-03,1.95E-03,9.63E-04,9.63E-04,5.56E-06,5.56E-06,3.99E-05,3.98986E-05
0.072,2.29E-07,4.20E-05,0.000770347,0.0343158,0.411031,0.053802,0.053802,0.2025325,0.2025325,0.01663125,0.01663125,0.000753076,4.13E-05,2.25E-07,3.71E-04,3.71E-04,2.21E-05,2.21E-05,2.40E-07,2.03E-03,2.03E-03,1.08E-03,1.08E-03,6.53E-06,6.53E-06,4.79E-05,4.78601E-05
0.076,2.89E-07,5.07E-05,0.000876559,0.036816,0.414243,0.0479695,0.0479695,0.203953,0.203953,0.01781125,0.01781125,0.00085583,4.98E-05,2.85E-07,4.22E-04,4.22E-04,2.67E-05,2.67E-05,3.04E-07,2.11E-03,2.11E-03,1.20E-03,1.20E-03,7.57E-06,7.57E-06,5.67E-05,5.67335E-05
0.08,3.61E-07,6.05E-05,0.000989517,0.0393015,0.416756,0.042843,0.042843,0.2050275,0.2050275,0.01897995,0.01897995,0.000964903,5.93E-05,3.55E-07,4.75E-04,4.75E-04,3.18E-05,3.18E-05,3.80E-07,2.17E-03,2.17E-03,1.33E-03,1.33E-03,8.69E-06,8.69E-06,6.65E-05,6.65425E-05
0.084,4.46E-07,7.15E-05,0.00110908,0.041768,0.418659,0.03833655,0.03833655,0.205801,0.205801,0.0201352,0.0201352,0.00108013,7.00E-05,4.38E-07,5.31E-04,5.31E-04,3.76E-05,3.76E-05,4.68E-07,2.24E-03,2.24E-03,1.45E-03,1.45E-03,9.88E-06,9.88E-06,7.73E-05,0.000077308
0.088,5.43E-07,8.38E-05,0.00123509,0.0442117,0.420033,0.03437465,0.03437465,0.2063125,0.2063125,0.0212753,0.0212753,0.00120134,8.20E-05,5.33E-07,5.90E-04,5.90E-04,4.41E-05,4.41E-05,5.71E-07,2.29E-03,2.29E-03,1.59E-03,1.59E-03,1.11E-05,1.11E-05,8.90E-05,0.000089046
0.092,6.56E-07,9.73E-05,0.00136738,0.0466292,0.420947,0.03089105,0.03089105,0.206598,0.206598,0.0223987,0.0223987,0.00132835,9.51E-05,6.43E-07,6.52E-04,6.52E-04,5.12E-05,5.12E-05,6.90E-07,2.34E-03,2.34E-03,1.72E-03,1.72E-03,1.25E-05,1.25E-05,1.02E-04,0.00010177
0.096,7.85E-07,0.000112249,0.00150579,0.0490179,0.421462,0.0278275,0.0278275,0.2066865,0.2066865,0.0235042,0.0235042,0.00146098,0.000109626,7.69E-07,7.17E-04,7.17E-04,5.90E-05,5.90E-05,8.25E-07,2.39E-03,2.39E-03,1.85E-03,1.85E-03,1.38E-05,1.38E-05,1.15E-04,0.000115489
0.1,9.31E-07,0.00012861,0.00165014,0.0513755,0.421631,0.02513285,0.02513285,0.206606,0.206606,0.02459085,0.02459085,0.00159903,0.000125483,9.11E-07,7.84E-04,7.84E-04,6.76E-05,6.76E-05,9.78E-07,2.43E-03,2.43E-03,1.99E-03,1.99E-03,1.53E-05,1.53E-05,1.30E-04,0.00013021
0.104,1.10E-06,0.00014645,0.00180024,0.0537002,0.421502,0.02276225,0.02276225,0.2063795,0.2063795,0.02565785,0.02565785,0.00174231,0.000142752,1.07E-06,8.54E-04,8.54E-04,7.69E-05,7.69E-05,1.15E-06,2.46E-03,2.46E-03,2.13E-03,2.13E-03,1.68E-05,1.68E-05,1.46E-04,0.000145936
0.108,1.28E-06,0.000165819,0.00195593,0.0559905,0.421115,0.02067625,0.02067625,0.2060265,0.2060265,0.02670455,0.02670455,0.00189062,0.000161477,1.25E-06,9.26E-04,9.26E-04,8.70E-05,8.70E-05,1.34E-06,2.49E-03,2.49E-03,2.27E-03,2.27E-03,1.83E-05,1.83E-05,1.63E-04,0.000162669
0.112,1.49E-06,0.000186766,0.00211701,0.058245,0.420506,0.01884025,0.01884025,0.205566,0.205566,0.02773045,0.02773045,0.00204378,0.000181701,1.45E-06,1.00E-03,1.00E-03,9.79E-05,9.79E-05,1.56E-06,2.52E-03,2.52E-03,2.40E-03,2.40E-03,1.99E-05,1.99E-05,1.80E-04,0.000180407
0.116,1.71E-06,0.000209336,0.00228331,0.0604629,0.419708,0.0172238,0.0172238,0.205013,0.205013,0.0287353,0.0287353,0.00220157,0.000203464,1.67E-06,1.08E-03,1.08E-03,1.10E-04,1.10E-04,1.80E-06,2.54E-03,2.54E-03,2.54E-03,2.54E-03,2.16E-05,2.16E-05,1.99E-04,0.000199147
0.12,1.96E-06,0.000233573,0.00245463,0.0626434,0.418747,0.0158003,0.0158003,0.204381,0.204381,0.0297188,0.0297188,0.00236382,0.000226804,1.92E-06,1.16E-03,1.16E-03,1.22E-04,1.22E-04,2.06E-06,2.56E-03,2.56E-03,2.68E-03,2.68E-03,2.33E-05,2.33E-05,2.19E-04,0.000218884
0.124,2.24E-06,0.000259516,0.0026308,0.064786,0.417647,0.0145462,0.0145462,0.2036825,0.2036825,0.0306808,0.0306808,0.00253032,0.000251755,2.18E-06,1.24E-03,1.24E-03,1.36E-04,1.36E-04,2.35E-06,2.58E-03,2.58E-03,2.82E-03,2.82E-03,2.50E-05,2.50E-05,2.40E-04,0.000239611
0.128,2.54E-06,0.000287205,0.00281162,0.0668904,0.416431,0.013441,0.013441,0.2029275,0.2029275,0.0316213,0.0316213,0.00270088,0.000278351,2.48E-06,1.32E-03,1.32E-03,1.50E-04,1.50E-04,2.67E-06,2.59E-03,2.59E-03,2.96E-03,2.96E-03,2.67E-05,2.67E-05,2.61E-04,0.000261318
0.132,2.87E-06,0.000316675,0.00299694,0.0689562,0.415115,0.01246655,0.01246655,0.2021255,0.2021255,0.0325403,0.0325403,0.00287533,0.000306622,2.80E-06,1.40E-03,1.40E-03,1.65E-04,1.65E-04,3.01E-06,2.60E-03,2.60E-03,3.10E-03,3.10E-03,2.85E-05,2.85E-05,2.84E-04,0.000283997
0.136,3.23E-06,0.000347962,0.00318655,0.0709834,0.413717,0.01160705,0.01160705,0.201284,0.201284,0.03343785,0.03343785,0.00305347,0.000336596,3.14E-06,1.49E-03,1.49E-03,1.81E-04,1.81E-04,3.38E-06,2.61E-03,2.61E-03,3.24E-03,3.24E-03,3.03E-05,3.03E-05,3.08E-04,0.000307636
0.14,3.62E-06,0.000381096,0.0033803,0.0729721,0.41225,0.0108485,0.0108485,0.20041,0.20041,0.03431405,0.03431405,0.00323513,0.0003683,3.52E-06,1.58E-03,1.58E-03,1.98E-04,1.98E-04,3.79E-06,2.61E-03,2.61E-03,3.38E-03,3.38E-03,3.22E-05,3.22E-05,3.32E-04,0.000332222
0.144,4.04E-06,0.000416109,0.00357801,0.0749222,0.410727,0.01017865,0.01017865,0.1995095,0.1995095,0.03516915,0.03516915,0.00342012,0.000401758,3.92E-06,1.66E-03,1.66E-03,2.16E-04,2.16E-04,4.22E-06,2.62E-03,2.62E-03,3.51E-03,3.51E-03,3.40E-05,3.40E-05,3.58E-04,0.000357742
0.148,4.49E-06,0.000453027,0.00377951,0.0768341,0.409159,0.00958675,0.00958675,0.1985875,0.1985875,0.0360033,0.0360033,0.00360828,0.00043699,4.36E-06,1.76E-03,1.76E-03,2.35E-04,2.35E-04,4.69E-06,2.62E-03,2.62E-03,3.65E-03,3.65E-03,3.59E-05,3.59E-05,3.84E-04,0.000384182
0.152,4.98E-06,0.000491876,0.00398463,0.078708,0.407553,0.0090634,0.0090634,0.1976495,0.1976495,0.0368168,0.0368168,0.00379943,0.000474019,4.82E-06,1.85E-03,1.85E-03,2.55E-04,2.55E-04,5.19E-06,2.62E-03,2.62E-03,3.79E-03,3.79E-03,3.78E-05,3.78E-05,4.12E-04,0.000411527
0.156,5.50E-06,0.00053268,0.00419321,0.0805442,0.40592,0.0086003,0.0086003,0.1966985,0.1966985,0.03760985,0.03760985,0.00399342,0.00051286,5.32E-06,1.94E-03,1.94E-03,2.75E-04,2.75E-04,5.72E-06,2.62E-03,2.62E-03,3.92E-03,3.92E-03,3.97E-05,3.97E-05,4.40E-04,0.000439762
0.16,6.05E-06,0.000575461,0.00440511,0.0823431,0.404266,0.0081901,0.0081901,0.195738,0.195738,0.03838275,0.03838275,0.00419008,0.000553531,5.85E-06,2.03E-03,2.03E-03,2.97E-04,2.97E-04,6.29E-06,2.62E-03,2.62E-03,4.05E-03,4.05E-03,4.16E-05,4.16E-05,4.69E-04,0.000468871
0.164,6.64E-06,0.00062024,0.00462015,0.084105,0.402596,0.0078265,0.0078265,0.1947715,0.1947715,0.0391358,0.0391358,0.00438925,0.000596046,6.42E-06,2.13E-03,2.13E-03,3.20E-04,3.20E-04,6.90E-06,2.62E-03,2.62E-03,4.18E-03,4.18E-03,4.35E-05,4.35E-05,4.99E-04,0.000498836
0.168,7.27E-06,0.000667033,0.00483819,0.0858305,0.400917,0.0075038,0.0075038,0.1938015,0.1938015,0.03986935,0.03986935,0.00459078,0.000640417,7.02E-06,2.23E-03,2.23E-03,3.43E-04,3.43E-04,7.54E-06,2.61E-03,2.61E-03,4.32E-03,4.32E-03,4.55E-05,4.55E-05,5.30E-04,0.00052964
0.172,7.94E-06,0.000715859,0.00505908,0.08752,0.399233,0.00721705,0.00721705,0.19283,0.19283,0.0405837,0.0405837,0.00479453,0.000686656,7.66E-06,2.32E-03,2.32E-03,3.68E-04,3.68E-04,8.22E-06,2.61E-03,2.61E-03,4.45E-03,4.45E-03,4.74E-05,4.74E-05,5.61E-04,0.00056127
0.176,8.64E-06,0.000766732,0.00528268,0.089174,0.397547,0.00696205,0.00696205,0.1918585,0.1918585,0.04127925,0.04127925,0.00500036,0.00073477,8.33E-06,2.42E-03,2.42E-03,3.93E-04,3.93E-04,8.94E-06,2.60E-03,2.60E-03,4.57E-03,4.57E-03,4.94E-05,4.94E-05,5.94E-04,0.000593705
0.18,9.39E-06,0.000819664,0.00550885,0.090793,0.395864,0.00673485,0.00673485,0.1908895,0.1908895,0.04195625,0.04195625,0.00520812,0.000784769,9.04E-06,2.52E-03,2.52E-03,4.20E-04,4.20E-04,9.70E-06,2.60E-03,2.60E-03,4.70E-03,4.70E-03,5.13E-05,5.13E-05,6.27E-04,0.00062693
0.184,1.02E-05,0.000874668,0.00573746,0.0923775,0.394186,0.00653215,0.00653215,0.189924,0.189924,0.0426151,0.0426151,0.00541768,0.000836657,9.79E-06,2.62E-03,2.62E-03,4.47E-04,4.47E-04,1.05E-05,2.59E-03,2.59E-03,4.83E-03,4.83E-03,5.33E-05,5.33E-05,6.61E-04,0.000660925
0.188,1.10E-05,0.000931754,0.00596836,0.0939282,0.392515,0.006351,0.006351,0.188963,0.188963,0.04325615,0.04325615,0.00562891,0.000890441,1.06E-05,2.72E-03,2.72E-03,4.75E-04,4.75E-04,1.13E-05,2.58E-03,2.58E-03,4.95E-03,4.95E-03,5.53E-05,5.53E-05,6.96E-04,0.00069567
0.192,1.19E-05,0.00099093,0.00620145,0.0954455,0.390854,0.0061889,0.0061889,0.1880075,0.1880075,0.04387975,0.04387975,0.00584168,0.000946122,1.14E-05,2.82E-03,2.82E-03,5.05E-04,5.05E-04,1.22E-05,2.57E-03,2.57E-03,5.08E-03,5.08E-03,5.73E-05,5.73E-05,7.31E-04,0.00073115
0.196,1.28E-05,0.0010522,0.00643658,0.09693,0.389206,0.0060435,0.0060435,0.1870585,0.1870585,0.0444863,0.0444863,0.00605588,0.0010037,1.23E-05,2.92E-03,2.92E-03,5.35E-04,5.35E-04,1.31E-05,2.57E-03,2.57E-03,5.20E-03,5.20E-03,5.92E-05,5.92E-05,7.67E-04,0.00076735
0.2,1.38E-05,0.00111558,0.00667364,0.0983823,0.38757,0.0059128,0.0059128,0.186117,0.186117,0.04507605,0.04507605,0.00627138,0.00106318,1.32E-05,3.03E-03,3.03E-03,5.66E-04,5.66E-04,1.41E-05,2.56E-03,2.56E-03,5.32E-03,5.32E-03,6.12E-05,6.12E-05,8.04E-04,0.00080425
0.204,1.48E-05,0.00118107,0.00691251,0.099803,0.385949,0.0057951,0.0057951,0.1851835,0.1851835,0.04564945,0.04564945,0.00648807,0.00112457,1.41E-05,3.13E-03,3.13E-03,5.98E-04,5.98E-04,1.51E-05,2.55E-03,2.55E-03,5.44E-03,5.44E-03,6.32E-05,6.32E-05,8.42E-04,0.00084183
0.208,1.58E-05,0.00124867,0.00715308,0.101193,0.384343,0.00568885,0.00568885,0.184258,0.184258,0.04620675,0.04620675,0.00670585,0.00118784,1.51E-05,3.23E-03,3.23E-03,6.32E-04,6.32E-04,1.62E-05,2.54E-03,2.54E-03,5.56E-03,5.56E-03,6.52E-05,6.52E-05,8.80E-04,0.00088008
0.212,1.69E-05,0.00131838,0.00739524,0.102552,0.382754,0.0055927,0.0055927,0.1833415,0.1833415,0.0467484,0.0467484,0.0069246,0.00125302,1.62E-05,3.34E-03,3.34E-03,6.66E-04,6.66E-04,1.73E-05,2.53E-03,2.53E-03,5.67E-03,5.67E-03,6.71E-05,6.71E-05,9.19E-04,0.00091897
0.216,1.80E-05,0.0013902,0.00763888,0.103881,0.381182,0.00550545,0.00550545,0.1824345,0.1824345,0.0472747,0.0472747,0.00714422,0.00132008,1.72E-05,3.44E-03,3.44E-03,7.01E-04,7.01E-04,1.84E-05,2.52E-03,2.52E-03,5.79E-03,5.79E-03,6.91E-05,6.91E-05,9.58E-04,0.000958495
0.22,1.92E-05,0.00146414,0.0078839,0.10518,0.379628,0.00542605,0.00542605,0.1815365,0.1815365,0.04778595,0.04778595,0.00736462,0.00138904,1.84E-05,3.54E-03,3.54E-03,7.37E-04,7.37E-04,1.96E-05,2.51E-03,2.51E-03,5.90E-03,5.90E-03,7.11E-05,7.11E-05,9.99E-04,0.00099863
0.224,2.05E-05,0.0015402,0.0081302,0.106451,0.378092,0.0053536,0.0053536,0.180648,0.180648,0.04828255,0.04828255,0.0075857,0.00145987,1.95E-05,3.65E-03,3.65E-03,7.73E-04,7.73E-04,2.08E-05,2.50E-03,2.50E-03,6.02E-03,6.02E-03,7.31E-05,7.31E-05,1.04E-03,0.001039365
0.228,2.17E-05,0.00161836,0.00837767,0.107693,0.376575,0.0052873,0.0052873,0.179769,0.179769,0.04876475,0.04876475,0.00780737,0.00153257,2.07E-05,3.75E-03,3.75E-03,8.11E-04,8.11E-04,2.21E-05,2.49E-03,2.49E-03,6.13E-03,6.13E-03,7.50E-05,7.50E-05,1.08E-03,0.001080675
0.232,2.31E-05,0.00169863,0.00862624,0.108908,0.375076,0.0052264,0.0052264,0.1789005,0.1789005,0.04923295,0.04923295,0.00802954,0.00160714,2.20E-05,3.86E-03,3.86E-03,8.50E-04,8.50E-04,2.34E-05,2.49E-03,2.49E-03,6.24E-03,6.24E-03,7.70E-05,7.70E-05,1.12E-03,0.00112255
0.236,2.45E-05,0.00178101,0.0088758,0.110096,0.373597,0.00517035,0.00517035,0.1780415,0.1780415,0.0496874,0.0496874,0.00825213,0.00168356,2.33E-05,3.96E-03,3.96E-03,8.90E-04,8.90E-04,2.48E-05,2.48E-03,2.48E-03,6.35E-03,6.35E-03,7.90E-05,7.90E-05,1.16E-03,0.00116497
0.24,2.59E-05,0.00186548,0.00912628,0.111256,0.372137,0.0051185,0.0051185,0.1771925,0.1771925,0.0501285,0.0501285,0.00847505,0.00176184,2.46E-05,4.07E-03,4.07E-03,9.30E-04,9.30E-04,2.62E-05,2.47E-03,2.47E-03,6.46E-03,6.46E-03,8.09E-05,8.09E-05,1.21E-03,0.00120792
0.244,2.74E-05,0.00195205,0.00937758,0.112391,0.370696,0.00507045,0.00507045,0.1763535,0.1763535,0.0505565,0.0505565,0.00869822,0.00184194,2.60E-05,4.17E-03,4.17E-03,9.71E-04,9.71E-04,2.76E-05,2.46E-03,2.46E-03,6.57E-03,6.57E-03,8.29E-05,8.29E-05,1.25E-03,0.001251385
0.248,2.89E-05,0.0020407,0.00962962,0.1135,0.369275,0.0050258,0.0050258,0.175524,0.175524,0.0509715,0.0509715,0.00892158,0.00192387,2.74E-05,4.28E-03,4.28E-03,1.01E-03,1.01E-03,2.91E-05,2.45E-03,2.45E-03,6.67E-03,6.67E-03,8.48E-05,8.48E-05,1.30E-03,0.00129535
0.252,3.05E-05,0.00213143,0.00988232,0.114584,0.367872,0.00498408,0.00498408,0.174705,0.174705,0.0513745,0.0513745,0.00914504,0.00200762,2.89E-05,4.38E-03,4.38E-03,1.06E-03,1.06E-03,3.06E-05,2.44E-03,2.44E-03,6.78E-03,6.78E-03,8.68E-05,8.68E-05,1.34E-03,0.001339795
0.256,3.21E-05,0.00222422,0.0101356,0.115643,0.366489,0.00494503,0.00494503,0.1738955,0.1738955,0.051765,0.051765,0.00936854,0.00209317,3.04E-05,4.49E-03,4.49E-03,1.10E-03,1.10E-03,3.22E-05,2.43E-03,2.43E-03,6.88E-03,6.88E-03,8.87E-05,8.87E-05,1.38E-03,0.001384715
0.26,3.38E-05,0.00231908,0.0103894,0.116678,0.365125,0.004908335,0.004908335,0.1730955,0.1730955,0.0521435,0.0521435,0.00959202,0.0021805,3.20E-05,4.59E-03,4.59E-03,1.15E-03,1.15E-03,3.39E-05,2.42E-03,2.42E-03,6.98E-03,6.98E-03,9.07E-05,9.07E-05,1.43E-03,0.001430085
0.264,3.55E-05,0.00241599,0.0106437,0.117689,0.363779,0.004873755,0.004873755,0.1723055,0.1723055,0.05251,0.05251,0.0098154,0.00226961,3.36E-05,4.70E-03,4.70E-03,1.19E-03,1.19E-03,3.55E-05,2.41E-03,2.41E-03,7.09E-03,7.09E-03,9.26E-05,9.26E-05,1.48E-03,0.00147589
0.268,3.73E-05,0.00251493,0.0108983,0.118677,0.362453,0.00484106,0.00484106,0.171525,0.171525,0.0528655,0.0528655,0.0100386,0.00236048,3.53E-05,4.80E-03,4.80E-03,1.24E-03,1.24E-03,3.73E-05,2.40E-03,2.40E-03,7.19E-03,7.19E-03,9.46E-05,9.46E-05,1.52E-03,0.001522125
0.272,3.91E-05,0.00261591,0.0111532,0.119642,0.361144,0.00481005,0.00481005,0.170754,0.170754,0.05321,0.05321,0.0102616,0.00245309,3.70E-05,4.90E-03,4.90E-03,1.29E-03,1.29E-03,3.90E-05,2.39E-03,2.39E-03,7.29E-03,7.29E-03,9.65E-05,9.65E-05,1.57E-03,0.00156877
0.276,4.10E-05,0.0027189,0.0114084,0.120585,0.359854,0.004780555,0.004780555,0.1699925,0.1699925,0.0535435,0.0535435,0.0104844,0.00254743,3.87E-05,5.01E-03,5.01E-03,1.33E-03,1.33E-03,4.08E-05,2.38E-03,2.38E-03,7.39E-03,7.39E-03,9.84E-05,9.84E-05,1.62E-03,0.00161581
0.28,4.30E-05,0.0028239,0.0116638,0.121506,0.358582,0.004752415,0.004752415,0.16924,0.16924,0.0538665,0.0538665,0.0107068,0.00264349,4.05E-05,5.11E-03,5.11E-03,1.38E-03,1.38E-03,4.27E-05,2.37E-03,2.37E-03,7.48E-03,7.48E-03,1.00E-04,1.00E-04,1.66E-03,0.00166323
0.284,4.49E-05,0.00293088,0.0119193,0.122406,0.357328,0.004725505,0.004725505,0.168497,0.168497,0.0541795,0.0541795,0.0109288,0.00274124,4.23E-05,5.22E-03,5.22E-03,1.43E-03,1.43E-03,4.46E-05,2.36E-03,2.36E-03,7.58E-03,7.58E-03,1.02E-04,1.02E-04,1.71E-03,0.001711025
0.288,4.70E-05,0.00303985,0.0121748,0.123285,0.356092,0.0046997,0.0046997,0.1677625,0.1677625,0.054482,0.054482,0.0111505,0.00284067,4.42E-05,5.32E-03,5.32E-03,1.48E-03,1.48E-03,4.66E-05,2.35E-03,2.35E-03,7.68E-03,7.68E-03,1.04E-04,1.04E-04,1.76E-03,0.001759175
0.292,4.91E-05,0.00315078,0.0124304,0.124143,0.354872,0.004674895,0.004674895,0.167037,0.167037,0.0547745,0.0547745,0.0113716,0.00294177,4.62E-05,5.42E-03,5.42E-03,1.53E-03,1.53E-03,4.85E-05,2.34E-03,2.34E-03,7.77E-03,7.77E-03,1.06E-04,1.06E-04,1.81E-03,0.00180767
0.296,5.12E-05,0.00326365,0.0126859,0.124981,0.35367,0.004650995,0.004650995,0.16632,0.16632,0.0550575,0.0550575,0.0115922,0.00304452,4.81E-05,5.52E-03,5.52E-03,1.59E-03,1.59E-03,5.06E-05,2.34E-03,2.34E-03,7.87E-03,7.87E-03,1.08E-04,1.08E-04,1.86E-03,0.001856495
0.3,5.34E-05,0.00337847,0.0129414,0.1258,0.352485,0.004627925,0.004627925,0.165612,0.165612,0.055331,0.055331,0.0118123,0.00314889,5.02E-05,5.63E-03,5.63E-03,1.64E-03,1.64E-03,5.27E-05,2.33E-03,2.33E-03,7.96E-03,7.96E-03,1.10E-04,1.10E-04,1.91E-03,0.001905635
0.304,5.56E-05,0.0034952,0.0131967,0.126599,0.351316,0.0046056,0.0046056,0.164912,0.164912,0.0555955,0.0555955,0.0120318,0.00325487,5.22E-05,5.73E-03,5.73E-03,1.69E-03,1.69E-03,5.48E-05,2.32E-03,2.32E-03,8.05E-03,8.05E-03,1.12E-04,1.12E-04,1.96E-03,0.001955085
0.308,5.79E-05,0.00361383,0.0134518,0.127379,0.350163,0.004583965,0.004583965,0.1642205,0.1642205,0.055851,0.055851,0.0122506,0.00336245,5.43E-05,5.83E-03,5.83E-03,1.75E-03,1.75E-03,5.69E-05,2.31E-03,2.31E-03,8.14E-03,8.14E-03,1.14E-04,1.14E-04,2.00E-03,0.00200483
0.312,6.03E-05,0.00373436,0.0137066,0.12814,0.349027,0.00456296,0.00456296,0.163537,0.163537,0.056098,0.056098,0.0124687,0.0034716,5.65E-05,5.93E-03,5.93E-03,1.80E-03,1.80E-03,5.91E-05,2.30E-03,2.30E-03,8.23E-03,8.23E-03,1.16E-04,1.16E-04,2.05E-03,0.00205486
0.316,6.27E-05,0.00385675,0.0139612,0.128884,0.347906,0.004542535,0.004542535,0.162862,0.162862,0.056336,0.056336,0.0126862,0.0035823,5.87E-05,6.03E-03,6.03E-03,1.86E-03,1.86E-03,6.14E-05,2.29E-03,2.29E-03,8.32E-03,8.32E-03,1.18E-04,1.18E-04,2.11E-03,0.00210516
0.32,6.51E-05,0.003981,0.0142155,0.129609,0.346801,0.004522645,0.004522645,0.1621945,0.1621945,0.056566,0.056566,0.0129029,0.00369454,6.09E-05,6.13E-03,6.13E-03,1.92E-03,1.92E-03,6.37E-05,2.29E-03,2.29E-03,8.41E-03,8.41E-03,1.20E-04,1.20E-04,2.16E-03,0.002155725
0.324,6.76E-05,0.00410709,0.0144695,0.130318,0.345711,0.004503245,0.004503245,0.161535,0.161535,0.056788,0.056788,0.0131187,0.0038083,6.32E-05,6.23E-03,6.23E-03,1.97E-03,1.97E-03,6.60E-05,2.28E-03,2.28E-03,8.50E-03,8.50E-03,1.21E-04,1.21E-04,2.21E-03,0.002206535
0.328,7.02E-05,0.00423499,0.014723,0.131009,0.344635,0.00448431,0.00448431,0.1608825,0.1608825,0.0570015,0.0570015,0.0133338,0.00392355,6.55E-05,6.33E-03,6.33E-03,2.03E-03,2.03E-03,6.84E-05,2.27E-03,2.27E-03,8.59E-03,8.59E-03,1.23E-04,1.23E-04,2.26E-03,0.002257585
0.332,7.28E-05,0.0043647,0.0149761,0.131683,0.343575,0.0044658,0.0044658,0.160238,0.160238,0.057208,0.057208,0.0135481,0.00404029,6.79E-05,6.43E-03,6.43E-03,2.09E-03,2.09E-03,7.08E-05,2.26E-03,2.26E-03,8.67E-03,8.67E-03,1.25E-04,1.25E-04,2.31E-03,0.002308865
0.336,7.54E-05,0.0044962,0.0152287,0.132341,0.342529,0.004447685,0.004447685,0.159601,0.159601,0.0574065,0.0574065,0.0137615,0.00415847,7.03E-05,6.53E-03,6.53E-03,2.15E-03,2.15E-03,7.33E-05,2.25E-03,2.25E-03,8.76E-03,8.76E-03,1.27E-04,1.27E-04,2.36E-03,0.002360365
0.34,7.81E-05,0.00462946,0.0154808,0.132983,0.341497,0.004429945,0.004429945,0.158971,0.158971,0.0575975,0.0575975,0.0139739,0.0042781,7.28E-05,6.63E-03,6.63E-03,2.21E-03,2.21E-03,7.58E-05,2.25E-03,2.25E-03,8.84E-03,8.84E-03,1.29E-04,1.29E-04,2.41E-03,0.002412075
0.344,8.08E-05,0.00476447,0.0157324,0.133609,0.340479,0.004412555,0.004412555,0.158348,0.158348,0.0577815,0.0577815,0.0141855,0.00439914,7.53E-05,6.72E-03,6.72E-03,2.27E-03,2.27E-03,7.83E-05,2.24E-03,2.24E-03,8.93E-03,8.93E-03,1.31E-04,1.31E-04,2.46E-03,0.00246398
0.348,8.36E-05,0.00490121,0.0159835,0.13422,0.339475,0.0043955,0.0043955,0.157732,0.157732,0.0579585,0.0579585,0.0143961,0.00452159,7.78E-05,6.82E-03,6.82E-03,2.33E-03,2.33E-03,8.09E-05,2.23E-03,2.23E-03,9.01E-03,9.01E-03,1.33E-04,1.33E-04,2.52E-03,0.00251608
0.352,8.65E-05,0.00503966,0.0162339,0.134816,0.338484,0.00437875,0.00437875,0.157123,0.157123,0.0581285,0.0581285,0.0146058,0.0046454,8.04E-05,6.92E-03,6.92E-03,2.39E-03,2.39E-03,8.35E-05,2.22E-03,2.22E-03,9.10E-03,9.10E-03,1.35E-04,1.35E-04,2.57E-03,0.002568355
0.356,8.94E-05,0.00517981,0.0164837,0.135397,0.337506,0.0043623,0.0043623,0.1565205,0.1565205,0.058292,0.058292,0.0148144,0.00477058,8.30E-05,7.01E-03,7.01E-03,2.45E-03,2.45E-03,8.62E-05,2.22E-03,2.22E-03,9.18E-03,9.18E-03,1.37E-04,1.37E-04,2.62E-03,0.002620805
0.36,9.23E-05,0.00532163,0.0167329,0.135964,0.336541,0.00434613,0.00434613,0.155925,0.155925,0.058449,0.058449,0.0150221,0.00489709,8.57E-05,7.11E-03,7.11E-03,2.52E-03,2.52E-03,8.88E-05,2.21E-03,2.21E-03,9.26E-03,9.26E-03,1.39E-04,1.39E-04,2.67E-03,0.002673415
0.364,9.53E-05,0.0054651,0.0169814,0.136516,0.335589,0.004330225,0.004330225,0.155336,0.155336,0.0585995,0.0585995,0.0152287,0.00502492,8.84E-05,7.20E-03,7.20E-03,2.58E-03,2.58E-03,9.16E-05,2.20E-03,2.20E-03,9.34E-03,9.34E-03,1.40E-04,1.40E-04,2.73E-03,0.00272618
0.368,9.83E-05,0.00561021,0.0172292,0.137054,0.334649,0.004314575,0.004314575,0.154753,0.154753,0.0587435,0.0587435,0.0154343,0.00515404,9.11E-05,7.30E-03,7.30E-03,2.65E-03,2.65E-03,9.43E-05,2.19E-03,2.19E-03,9.42E-03,9.42E-03,1.42E-04,1.42E-04,2.78E-03,0.00277909
0.372,0.000101432,0.00575693,0.0174763,0.137579,0.333722,0.00429917,0.00429917,0.1541765,0.1541765,0.058882,0.058882,0.0156388,0.00528444,9.39E-05,7.39E-03,7.39E-03,2.71E-03,2.71E-03,9.71E-05,2.19E-03,2.19E-03,9.50E-03,9.50E-03,1.44E-04,1.44E-04,2.83E-03,0.002832135
0.376,0.000104563,0.00590526,0.0177226,0.138091,0.332807,0.004284,0.004284,0.153606,0.153606,0.059014,0.059014,0.0158423,0.00541609,9.67E-05,7.49E-03,7.49E-03,2.78E-03,2.78E-03,1.00E-04,2.18E-03,2.18E-03,9.58E-03,9.58E-03,1.46E-04,1.46E-04,2.89E-03,0.00288531
0.38,0.000107741,0.00605515,0.0179681,0.138589,0.331903,0.00426905,0.00426905,0.1530415,0.1530415,0.059141,0.059141,0.0160447,0.00554897,9.96E-05,7.58E-03,7.58E-03,2.84E-03,2.84E-03,0.000102857,0.002172245,0.002172245,0.00966035,0.00966035,0.000148041,0.000148041,0.002938605,0.002938605
0.384,0.000110966,0.00620661,0.0182129,0.139075,0.331011,0.00425432,0.00425432,0.152483,0.152483,0.0592615,0.0592615,0.016246,0.00568307,0.00010248,0.00767045,0.00767045,0.002907835,0.002907835,0.000105768,0.00216538,0.00216538,0.00973855,0.00973855,0.00014993,0.00014993,0.002992015,0.002992015
0.388,0.000114236,0.0063596,0.0184569,0.139548,0.33013,0.004239795,0.004239795,0.1519305,0.1519305,0.059377,0.059377,0.0164461,0.00581836,0.000105416,0.00776205,0.00776205,0.002974725,0.002974725,0.000108713,0.00215859,0.00215859,0.0098162,0.0098162,0.000151818,0.000151818,0.003045535,0.003045535
0.392,0.000117552,0.00651411,0.0187,0.140009,0.32926,0.004225475,0.004225475,0.1513835,0.1513835,0.059487,0.059487,0.0166452,0.00595482,0.00010839,0.00785305,0.00785305,0.003042125,0.003042125,0.000111693,0.00215188,0.00215188,0.00989335,0.00989335,0.000153705,0.000153705,0.003099145,0.003099145
0.396,0.000120913,0.00667012,0.0189423,0.140458,0.328402,0.004211345,0.004211345,0.150842,0.150842,0.059592,0.059592,0.0168431,0.00609244,0.000111401,0.00794345,0.00794345,0.00311002,0.00311002,0.000114706,0.002145245,0.002145245,0.0099699,0.0099699,0.000155591,0.000155591,0.00315285,0.00315285
0.4,0.000124319,0.00682761,0.0191837,0.140895,0.327554,0.004197405,0.004197405,0.1503065,0.1503065,0.0596915,0.0596915,0.0170398,0.00623118,0.000114448,0.0080333,0.0080333,0.0031784,0.0031784,0.000117753,0.002138685,0.002138685,0.01004595,0.01004595,0.000157477,0.000157477,0.00320664,0.00320664
0.404,0.000127769,0.00698656,0.0194243,0.141321,0.326716,0.00418365,0.00418365,0.149776,0.149776,0.0597865,0.0597865,0.0172354,0.00637104,0.000117531,0.0081226,0.0081226,0.00324726,0.00324726,0.000120832,0.0021322,0.0021322,0.0101215,0.0101215,0.000159362,0.000159362,0.003260505,0.003260505
0.408,0.000131264,0.00714694,0.019664,0.141735,0.325889,0.004170065,0.004170065,0.149251,0.149251,0.0598765,0.0598765,0.0174299,0.00651198,0.00012065,0.0082113,0.0082113,0.00331659,0.00331659,0.000123944,0.002125785,0.002125785,0.01019655,0.01019655,0.000161247,0.000161247,0.003314445,0.003314445
0.412,0.000134801,0.00730875,0.0199028,0.142139,0.325072,0.00415666,0.00415666,0.1487315,0.1487315,0.0599615,0.0599615,0.0176231,0.006654,0.000123804,0.0082994,0.0082994,0.00338637,0.00338637,0.000127087,0.00211944,0.00211944,0.01027115,0.01027115,0.000163131,0.000163131,0.003368445,0.003368445
0.416,0.000138382,0.00747195,0.0201406,0.142531,0.324265,0.004143415,0.004143415,0.1482165,0.1482165,0.060042,0.060042,0.0178152,0.00679707,0.000126992,0.00838695,0.00838695,0.0034566,0.0034566,0.000130262,0.002113165,0.002113165,0.0103452,0.0103452,0.000165014,0.000165014,0.003422505,0.003422505
0.42,0.000142006,0.00763653,0.0203776,0.142913,0.323468,0.00413034,0.00413034,0.147707,0.147707,0.060118,0.060118,0.0180062,0.00694117,0.000130215,0.00847385,0.00847385,0.003527265,0.003527265,0.000133467,0.00210696,0.00210696,0.0104188,0.0104188,0.000166897,0.000166897,0.003476615,0.003476615
0.424,0.000145671,0.00780248,0.0206136,0.143284,0.32268,0.00411742,0.00411742,0.1472025,0.1472025,0.0601895,0.0601895,0.0181959,0.00708627,0.000133471,0.0085602,0.0085602,0.003598355,0.003598355,0.000136702,0.00210082,0.00210082,0.010492,0.010492,0.00016878,0.00016878,0.003530775,0.003530775
0.428,0.000149379,0.00796976,0.0208486,0.143646,0.321902,0.004104655,0.004104655,0.146703,0.146703,0.060257,0.060257,0.0183845,0.00723237,0.000136761,0.008646,0.008646,0.00366986,0.00366986,0.000139968,0.002094745,0.002094745,0.0105647,0.0105647,0.000170661,0.000170661,0.00358497,0.00358497
0.432,0.000153128,0.00813836,0.0210827,0.143997,0.321133,0.00409204,0.00409204,0.146208,0.146208,0.06032,0.06032,0.0185718,0.00737944,0.000140084,0.00873115,0.00873115,0.00374177,0.00374177,0.000143262,0.00208874,0.00208874,0.01063695,0.01063695,0.000172543,0.000172543,0.0036392,0.0036392
0.436,0.000156917,0.00830826,0.0213158,0.144339,0.320373,0.004079575,0.004079575,0.145718,0.145718,0.060379,0.060379,0.018758,0.00752746,0.000143438,0.00881575,0.00881575,0.003814075,0.003814075,0.000146585,0.002082795,0.002082795,0.0107088,0.0107088,0.000174423,0.000174423,0.00369346,0.00369346
0.44,0.000160748,0.00847944,0.021548,0.144671,0.319622,0.00406725,0.00406725,0.1452325,0.1452325,0.0604345,0.0604345,0.0189429,0.0076764,0.000146825,0.0088997,0.0088997,0.00388677,0.00388677,0.000149936,0.002076915,0.002076915,0.0107802,0.0107802,0.000176304,0.000176304,0.003747745,0.003747745
0.444,0.000164618,0.00865189,0.0217792,0.144993,0.31888,0.00405507,0.00405507,0.1447515,0.1447515,0.0604855,0.0604855,0.0191267,0.00782627,0.000150243,0.0089831,0.0089831,0.00395984,0.00395984,0.000153315,0.0020711,0.0020711,0.0108512,0.0108512,0.000178183,0.000178183,0.003802045,0.003802045
0.448,0.000168528,0.00882557,0.0220093,0.145307,0.318146,0.004043025,0.004043025,0.144275,0.144275,0.060533,0.060533,0.0193092,0.00797702,0.000153691,0.00906595,0.00906595,0.004033275,0.004033275,0.00015672,0.00206534,0.00206534,0.0109218,0.0109218,0.000180063,0.000180063,0.003856355,0.003856355
0.452,0.000172476,0.00900048,0.0222385,0.145611,0.31742,0.004031115,0.004031115,0.143803,0.143803,0.060577,0.060577,0.0194906,0.00812865,0.00015717,0.00914815,0.00914815,0.004107065,0.004107065,0.000160153,0.002059645,0.002059645,0.010992,0.010992,0.000181941,0.000181941,0.00391068,0.00391068
0.456,0.000176464,0.00917659,0.0224667,0.145907,0.316703,0.00401934,0.00401934,0.143335,0.143335,0.060617,0.060617,0.0196707,0.00828113,0.000160679,0.0092298,0.0092298,0.00418121,0.00418121,0.000163611,0.00205401,0.00205401,0.01106185,0.01106185,0.00018382,0.00018382,0.003965,0.003965
0.46,0.000180489,0.00935388,0.0226938,0.146194,0.315994,0.00400769,0.00400769,0.1428715,0.1428715,0.0606535,0.0606535,0.0198497,0.00843444,0.000164217,0.00931085,0.00931085,0.004255685,0.004255685,0.000167095,0.00204843,0.00204843,0.0111313,0.0111313,0.000185697,0.000185697,0.004019325,0.004019325
0.464,0.000184553,0.00953233,0.02292,0.146473,0.315293,0.00399617,0.00399617,0.142412,0.142412,0.060687,0.060687,0.0200274,0.00858857,0.000167785,0.0093913,0.0093913,0.004330495,0.004330495,0.000170605,0.002042905,0.002042905,0.01120035,0.01120035,0.000187575,0.000187575,0.00407364,0.00407364
0.468,0.000188653,0.00971193,0.0231451,0.146743,0.3146,0.003984775,0.003984775,0.141957,0.141957,0.060717,0.060717,0.020204,0.0087435,0.00017138,0.0094712,0.0094712,0.004405625,0.004405625,0.000174138,0.00203744,0.00203744,0.01126905,0.01126905,0.000189451,0.000189451,0.004127945,0.004127945
0.472,0.00019279,0.00989266,0.0233692,0.147005,0.313914,0.0039735,0.0039735,0.141506,0.141506,0.0607435,0.0607435,0.0203793,0.00889921,0.000175003,0.0095505,0.0095505,0.004481065,0.004481065,0.000177696,0.00203203,0.00203203,0.0113374,0.0113374,0.000191327,0.000191327,0.00418223,0.00418223
0.476,0.000196964,0.0100745,0.0235923,0.14726,0.313236,0.00396234,0.00396234,0.141059,0.141059,0.060767,0.060767,0.0205534,0.00905568,0.000178654,0.0096292,0.0096292,0.004556805,0.004556805,0.000181277,0.00202667,0.00202667,0.01140535,0.01140535,0.000193203,0.000193203,0.0042365,0.0042365
0.48,0.000201173,0.0102574,0.0238143,0.147506,0.312565,0.0039513,0.0039513,0.1406155,0.1406155,0.0607875,0.0607875,0.0207264,0.00921289,0.000182332,0.00970735,0.00970735,0.00463284,0.00463284,0.000184881,0.002021365,0.002021365,0.011473,0.011473,0.000195078,0.000195078,0.004290745,0.004290745
0.484,0.000205417,0.0104414,0.0240353,0.147745,0.311902,0.003940375,0.003940375,0.140176,0.140176,0.060805,0.060805,0.0208981,0.00937083,0.000186036,0.0097849,0.0097849,0.00470916,0.00470916,0.000188508,0.002016115,0.002016115,0.0115403,0.0115403,0.000196953,0.000196953,0.004344965,0.004344965
0.488,0.000209696,0.0106264,0.0242553,0.147977,0.311245,0.003929565,0.003929565,0.1397405,0.1397405,0.0608195,0.0608195,0.0210687,0.00952947,0.000189766,0.0098619,0.0098619,0.004785755,0.004785755,0.000192157,0.002010915,0.002010915,0.0116073,0.0116073,0.000198827,0.000198827,0.00439915,0.00439915
0.492,0.00021401,0.0108125,0.0244742,0.148201,0.310596,0.00391886,0.00391886,0.1393085,0.1393085,0.060831,0.060831,0.021238,0.0096888,0.000193522,0.0099383,0.0099383,0.00486262,0.00486262,0.000195828,0.00200577,0.00200577,0.01167395,0.01167395,0.0002007,0.0002007,0.0044533,0.0044533
0.496,0.000218357,0.0109996,0.0246921,0.148418,0.309953,0.003908265,0.003908265,0.1388805,0.1388805,0.06084,0.06084,0.0214062,0.00984881,0.000197302,0.01001415,0.01001415,0.00493974,0.00493974,0.000199519,0.00200067,0.00200067,0.0117403,0.0117403,0.000202573,0.000202573,0.00450741,0.00450741
0.5,0.000222738,0.0111877,0.0249089,0.148628,0.309317,0.00389778,0.00389778,0.138456,0.138456,0.060846,0.060846,0.0215732,0.0100095,0.000201107,0.01008945,0.01008945,0.0050171,0.0050171,0.000203231,0.00199562,0.00199562,0.0118063,0.0118063,0.000204445,0.000204445,0.00456148,0.00456148
0.504,0.000227152,0.0113767,0.0251247,0.148831,0.308688,0.003887395,0.003887395,0.138035,0.138035,0.0608495,0.0608495,0.021739,0.0101708,0.000204936,0.0101642,0.0101642,0.00509475,0.00509475,0.000206964,0.00199062,0.00199062,0.011872,0.011872,0.000206316,0.000206316,0.0046155,0.0046155
0.508,0.000231598,0.0115668,0.0253395,0.149028,0.308065,0.00387711,0.00387711,0.1376175,0.1376175,0.0608505,0.0608505,0.0219036,0.0103327,0.000208789,0.01023835,0.01023835,0.0051726,0.0051726,0.000210716,0.00198567,0.00198567,0.01193745,0.01193745,0.000208187,0.000208187,0.00466947,0.00466947
0.512,0.000236076,0.0117577,0.0255532,0.149218,0.307449,0.00386693,0.00386693,0.1372035,0.1372035,0.060849,0.060849,0.0220671,0.0104952,0.000212665,0.01031195,0.01031195,0.00525065,0.00525065,0.000214487,0.00198076,0.00198076,0.01200255,0.01200255,0.000210057,0.000210057,0.00472339,0.00472339
0.516,0.000240585,0.0119496,0.0257659,0.149401,0.306839,0.00385685,0.00385685,0.1367925,0.1367925,0.060845,0.060845,0.0222294,0.0106583,0.000216563,0.010385,0.010385,0.00532895,0.00532895,0.000218276,0.0019759,0.0019759,0.01206735,0.01206735,0.000211926,0.000211926,0.004777255,0.004777255
0.52,0.000245126,0.0121424,0.0259775,0.149578,0.306235,0.003846865,0.003846865,0.1363855,0.1363855,0.0608385,0.0608385,0.0223905,0.010822,0.000220483,0.0104575,0.0104575,0.00540745,0.00540745,0.000222084,0.001971085,0.001971085,0.0121319,0.0121319,0.000213795,0.000213795,0.00483106,0.00483106
0.524,0.000249697,0.0123361,0.0261881,0.14975,0.305637,0.003836975,0.003836975,0.1359815,0.1359815,0.0608295,0.0608295,0.0225505,0.0109862,0.000224425,0.01052945,0.01052945,0.00548615,0.00548615,0.00022591,0.001966315,0.001966315,0.0121962,0.0121962,0.000215662,0.000215662,0.0048848,0.0048848
0.528,0.000254298,0.0125306,0.0263977,0.149914,0.305045,0.003827175,0.003827175,0.1355805,0.1355805,0.0608185,0.0608185,0.0227093,0.0111509,0.000228389,0.01060085,0.01060085,0.00556505,0.00556505,0.000229753,0.00196159,0.00196159,0.0122602,0.0122602,0.000217529,0.000217529,0.004938475,0.004938475
0.532,0.000258929,0.012726,0.0266062,0.150074,0.304458,0.00381747,0.00381747,0.135183,0.135183,0.0608055,0.0608055,0.022867,0.0113162,0.000232373,0.0106717,0.0106717,0.00564415,0.00564415,0.000233613,0.00195691,0.00195691,0.0123239,0.0123239,0.000219396,0.000219396,0.004992085,0.004992085
0.536,0.000263588,0.0129222,0.0268137,0.150227,0.303878,0.00380786,0.00380786,0.1347885,0.1347885,0.06079,0.06079,0.0230235,0.011482,0.000236377,0.01074205,0.01074205,0.00572345,0.00572345,0.000237489,0.00195227,0.00195227,0.01238735,0.01238735,0.000221261,0.000221261,0.0050456,0.0050456
0.54,0.000268277,0.0131193,0.0270201,0.150374,0.303303,0.00379833,0.00379833,0.134397,0.134397,0.0607725,0.0607725,0.023179,0.0116483,0.000240401,0.0108118,0.0108118,0.00580285,0.00580285,0.000241381,0.00194767,0.00194767,0.01245055,0.01245055,0.000223125,0.000223125,0.0050991,0.0050991
0.544,0.000272993,0.0133171,0.0272256,0.150516,0.302733,0.003788895,0.003788895,0.1340085,0.1340085,0.0607535,0.0607535,0.0233332,0.011815,0.000244445,0.0108811,0.0108811,0.0058825,0.0058825,0.000245289,0.001943115,0.001943115,0.0125135,0.0125135,0.000224988,0.000224988,0.00515245,0.00515245
0.548,0.000277738,0.0135158,0.0274299,0.150653,0.302169,0.00377954,0.00377954,0.133623,0.133623,0.060732,0.060732,0.0234864,0.0119823,0.000248507,0.0109498,0.0109498,0.00596225,0.00596225,0.000249212,0.001938595,0.001938595,0.0125762,0.0125762,0.000226851,0.000226851,0.0052058,0.0052058
0.552,0.000282509,0.0137152,0.0276333,0.150784,0.301611,0.00377027,0.00377027,0.1332405,0.1332405,0.0607085,0.0607085,0.0236385,0.0121499,0.000252588,0.011018,0.011018,0.00604215,0.00604215,0.000253149,0.00193412,0.00193412,0.01263865,0.01263865,0.000228712,0.000228712,0.005259,0.005259
0.556,0.000287307,0.0139154,0.0278356,0.15091,0.301057,0.003761085,0.003761085,0.132861,0.132861,0.0606835,0.0606835,0.0237894,0.012318,0.000256687,0.0110857,0.0110857,0.00612225,0.00612225,0.000257101,0.001929685,0.001929685,0.01270085,0.01270085,0.000230573,0.000230573,0.00531215,0.00531215
0.56,0.000292132,0.0141163,0.0280369,0.151031,0.300509,0.003751985,0.003751985,0.1324845,0.1324845,0.0606565,0.0606565,0.0239392,0.0124865,0.000260804,0.0111529,0.0111529,0.00620245,0.00620245,0.000261066,0.001925285,0.001925285,0.0127628,0.0127628,0.000232432,0.000232432,0.0053652,0.0053652
0.564,0.000296982,0.0143179,0.0282372,0.151147,0.299965,0.00374296,0.00374296,0.1321105,0.1321105,0.0606275,0.0606275,0.024088,0.0126554,0.000264937,0.01121955,0.01121955,0.00628275,0.00628275,0.000265045,0.001920925,0.001920925,0.01282455,0.01282455,0.00023429,0.00023429,0.0054182,0.0054182
0.568,0.000301858,0.0145202,0.0284365,0.151258,0.299427,0.003734015,0.003734015,0.1317395,0.1317395,0.060597,0.060597,0.0242356,0.0128246,0.000269088,0.0112857,0.0112857,0.0063632,0.0063632,0.000269037,0.001916605,0.001916605,0.012886,0.012886,0.000236148,0.000236148,0.0054711,0.0054711
0.572,0.000306759,0.0147232,0.0286348,0.151364,0.298893,0.003725145,0.003725145,0.131371,0.131371,0.060565,0.060565,0.0243822,0.0129943,0.000273255,0.01135135,0.01135135,0.0064438,0.0064438,0.000273041,0.00191232,0.00191232,0.0129473,0.0129473,0.000238004,0.000238004,0.00552385,0.00552385
0.576,0.000311684,0.0149269,0.028832,0.151466,0.298365,0.003716355,0.003716355,0.1310055,0.1310055,0.060531,0.060531,0.0245277,0.0131643,0.000277437,0.0114165,0.0114165,0.0065245,0.0065245,0.000277057,0.00190807,0.00190807,0.01300835,0.01300835,0.000239858,0.000239858,0.00557655,0.00557655
0.58,0.000316633,0.0151312,0.0290283,0.151562,0.29784,0.003707635,0.003707635,0.1306425,0.1306425,0.0604955,0.0604955,0.0246722,0.0133346,0.000281635,0.01148115,0.01148115,0.00660525,0.00660525,0.000281085,0.001903855,0.001903855,0.01306915,0.01306915,0.000241712,0.000241712,0.00562915,0.00562915
