Time,AI,AF,AD,AL,AA,BD,BC,AM,AN,AY,AZ,AC,AK,AH,AT,AS,AR,AQ,AG,BB,BA,AO,AP,AV,AU,AX,AW
0,0,0,0,0,1,0,0,0,0,0,0,0,0,0,0,0,0,0,0,0,0,0,0,0,0,0,0
0.004,1.81E-11,4.38E-08,1.19E-05,0.00720209,0.991175,0.00077987,0.00077987,2.54806E-05,2.54806E-05,6.23595E-08,6.23595E-08,1.04E-10,2.07E-13,1.97E-17,5.20E-11,5.20E-11,1.04E-13,1.04E-13,1.92E-17,1.39E-08,1.39E-08,2.27E-10,2.27E-10,6.87E-14,6.87E-14,3.33E-13,3.33194E-13
0.008,2.83E-10,3.46E-07,4.70E-05,0.0142389,0.9826,0.00145916,0.00145916,0.000097146,0.000097146,4.791E-07,4.791E-07,1.60E-09,7.08E-12,3.76E-15,8.00E-10,8.00E-10,3.58E-12,3.58E-12,3.80E-15,1.04E-07,1.04E-07,3.41E-09,3.41E-09,2.22E-12,2.22E-12,1.11E-11,1.10907E-11
0.012,1.40E-09,1.15E-06,0.000104489,0.0211145,0.974259,0.002050225,0.002050225,0.000208511,0.000208511,1.55359E-06,1.55359E-06,7.83E-09,5.24E-11,4.28E-14,3.91E-09,3.91E-09,2.67E-11,2.67E-11,4.35E-14,3.28E-07,3.28E-07,1.63E-08,1.63E-08,1.58E-11,1.58E-11,8.06E-11,8.0633E-11
0.016,4.33E-09,2.71E-06,0.000183474,0.0278331,0.966136,0.00256392,0.00256392,0.000353901,0.000353901,3.54005E-06,3.54005E-06,2.39E-08,2.14E-10,2.34E-13,1.19E-08,1.19E-08,1.10E-10,1.10E-10,2.38E-13,7.27E-07,7.27E-07,4.88E-08,4.88E-08,6.23E-11,6.23E-11,3.24E-10,3.24387E-10
0.02,1.04E-08,5.22E-06,0.000283165,0.0343983,0.958221,0.003009775,0.003009775,0.000528355,0.000528355,0.00000665,0.00000665,5.64E-08,6.35E-10,8.61E-13,2.81E-08,2.81E-08,3.26E-10,3.26E-10,8.82E-13,1.33E-06,1.33E-06,1.13E-07,1.13E-07,1.78E-10,1.78E-10,9.45E-10,9.45125E-10
0.024,2.10E-08,8.92E-06,0.000402777,0.040814,0.9505,0.00339614,0.00339614,0.000727545,0.000727545,1.10577E-05,1.10577E-05,1.13E-07,1.53E-09,2.49E-12,5.63E-08,5.63E-08,7.91E-10,7.91E-10,2.55E-12,2.15E-06,2.15E-06,2.22E-07,2.22E-07,4.14E-10,4.14E-10,2.25E-09,2.24613E-09
0.028,3.81E-08,1.40E-05,0.000541552,0.0470836,0.942963,0.00373037,0.00373037,0.000947685,0.000947685,1.69052E-05,1.69052E-05,2.03E-07,3.22E-09,6.06E-12,1.01E-07,1.01E-07,1.67E-09,1.67E-09,6.25E-12,3.21E-06,3.21E-06,3.89E-07,3.89E-07,8.39E-10,8.39E-10,4.64E-09,4.63872E-09
0.032,6.36E-08,2.07E-05,0.000698753,0.0532107,0.935601,0.004018905,0.004018905,0.001185465,0.001185465,2.43065E-05,2.43065E-05,3.34E-07,6.09E-09,1.30E-11,1.66E-07,1.66E-07,3.17E-09,3.17E-09,1.35E-11,4.50E-06,4.50E-06,6.30E-07,6.30E-07,1.53E-09,1.53E-09,8.65E-09,8.64525E-09
0.036,9.97E-08,2.91E-05,0.000873667,0.0591985,0.928406,0.004267405,0.004267405,0.001438,0.001438,3.33513E-05,3.33513E-05,5.18E-07,1.07E-08,2.55E-11,2.58E-07,2.58E-07,5.56E-09,5.56E-09,2.65E-11,6.02E-06,6.02E-06,9.58E-07,9.58E-07,2.59E-09,2.59E-09,1.49E-08,1.48988E-08
0.04,1.49E-07,3.95E-05,0.0010656,0.0650502,0.921369,0.00448083,0.00448083,0.001702785,0.001702785,4.41083E-05,4.41083E-05,7.64E-07,1.75E-08,4.65E-11,3.80E-07,3.80E-07,9.18E-09,9.18E-09,4.84E-11,7.76E-06,7.76E-06,1.39E-06,1.39E-06,4.12E-09,4.12E-09,2.41E-08,2.41399E-08
0.044,2.13E-07,5.20E-05,0.0012739,0.070769,0.914484,0.004663545,0.004663545,0.001977625,0.001977625,0.000056628,0.000056628,1.08E-06,2.75E-08,7.96E-11,5.38E-07,5.38E-07,1.44E-08,1.44E-08,8.31E-11,9.71E-06,9.71E-06,1.93E-06,1.93E-06,6.23E-09,6.23E-09,3.72E-08,3.72122E-08
0.048,2.96E-07,6.67E-05,0.00149789,0.0763579,0.907743,0.004819375,0.004819375,0.00226061,0.00226061,0.000070946,0.000070946,1.49E-06,4.12E-08,1.30E-10,7.38E-07,7.38E-07,2.17E-08,2.17E-08,1.36E-10,1.19E-05,1.19E-05,2.60E-06,2.60E-06,9.05E-09,9.05E-09,5.51E-08,5.50555E-08
0.052,3.99E-07,8.39E-05,0.00173696,0.0818198,0.901142,0.004951675,0.004951675,0.002550085,0.002550085,0.000087083,0.000087083,1.98E-06,5.98E-08,2.03E-10,9.84E-07,9.84E-07,3.15E-08,3.15E-08,2.13E-10,1.42E-05,1.42E-05,3.40E-06,3.40E-06,1.27E-08,1.27E-08,7.87E-08,7.8698E-08
0.056,5.26E-07,0.000103579,0.00199051,0.0871575,0.894674,0.0050634,0.0050634,0.002844605,0.002844605,0.00010505,0.00010505,2.59E-06,8.43E-08,3.06E-10,1.28E-06,1.28E-06,4.45E-08,4.45E-08,3.22E-10,1.67E-05,1.67E-05,4.35E-06,4.35E-06,1.73E-08,1.73E-08,1.09E-07,1.0925E-07
0.06,6.78E-07,0.000125987,0.00225792,0.0923738,0.888335,0.0051571,0.0051571,0.003142925,0.003142925,0.000124846,0.000124846,3.30E-06,1.16E-07,4.48E-10,1.64E-06,1.64E-06,6.13E-08,6.13E-08,4.72E-10,1.94E-05,1.94E-05,5.46E-06,5.46E-06,2.30E-08,2.30E-08,1.48E-07,1.47893E-07
0.064,8.60E-07,0.000151213,0.00253865,0.0974715,0.88212,0.0052351,0.0052351,0.003443955,0.003443955,0.000146464,0.000146464,4.15E-06,1.56E-07,6.39E-10,2.05E-06,2.05E-06,8.25E-08,8.25E-08,6.75E-10,2.23E-05,2.23E-05,6.74E-06,6.74E-06,2.99E-08,2.99E-08,1.96E-07,1.95875E-07
0.068,1.07E-06,0.000179377,0.00283212,0.102453,0.876024,0.0052994,0.0052994,0.003746765,0.003746765,0.000169888,0.000169888,5.13E-06,2.05E-07,8.90E-10,2.54E-06,2.54E-06,1.09E-07,1.09E-07,9.41E-10,2.52E-05,2.52E-05,8.19E-06,8.19E-06,3.81E-08,3.81E-08,2.54E-07,2.54497E-07
0.072,1.32E-06,0.000210592,0.00313781,0.107321,0.870045,0.00535165,0.00535165,0.00405054,0.00405054,0.000195097,0.000195097,6.26E-06,2.66E-07,1.21E-09,3.09E-06,3.09E-06,1.41E-07,1.41E-07,1.29E-09,2.83E-05,2.83E-05,9.81E-06,9.81E-06,4.78E-08,4.78E-08,3.25E-07,3.25111E-07
0.076,1.61E-06,0.000244963,0.0034552,0.112078,0.864177,0.0053935,0.0053935,0.004354585,0.004354585,0.000222064,0.000222064,7.54E-06,3.39E-07,1.63E-09,3.73E-06,3.73E-06,1.81E-07,1.81E-07,1.73E-09,3.15E-05,3.15E-05,1.16E-05,1.16E-05,5.91E-08,5.91E-08,4.09E-07,4.09108E-07
0.08,1.93E-06,0.000282592,0.00378378,0.116726,0.858418,0.0054262,0.0054262,0.004658295,0.004658295,0.00025076,0.00025076,8.99E-06,4.26E-07,2.14E-09,4.44E-06,4.44E-06,2.28E-07,2.28E-07,2.28E-09,3.48E-05,3.48E-05,1.36E-05,1.36E-05,7.21E-08,7.21E-08,5.08E-07,5.0791E-07
0.084,2.30E-06,0.000323571,0.00412306,0.121268,0.852765,0.005451,0.005451,0.00496116,0.00496116,0.000281149,0.000281149,1.06E-05,5.30E-07,2.78E-09,5.24E-06,5.24E-06,2.83E-07,2.83E-07,2.96E-09,3.82E-05,3.82E-05,1.58E-05,1.58E-05,8.69E-08,8.69E-08,6.23E-07,6.22965E-07
0.088,2.72E-06,0.000367989,0.00447256,0.125706,0.847214,0.0054689,0.0054689,0.00526275,0.00526275,0.000313196,0.000313196,1.24E-05,6.52E-07,3.56E-09,6.12E-06,6.12E-06,3.49E-07,3.49E-07,3.80E-09,4.16E-05,4.16E-05,1.82E-05,1.82E-05,1.04E-07,1.04E-07,7.56E-07,7.5574E-07
0.092,3.19E-06,0.000415926,0.00483184,0.130042,0.841762,0.0054808,0.0054808,0.00556265,0.00556265,0.000346861,0.000346861,1.44E-05,7.93E-07,4.51E-09,7.10E-06,7.10E-06,4.25E-07,4.25E-07,4.81E-09,4.51E-05,4.51E-05,2.08E-05,2.08E-05,1.22E-07,1.22E-07,9.08E-07,9.07715E-07
0.096,3.70E-06,0.000467461,0.00520045,0.134279,0.836407,0.0054875,0.0054875,0.0058606,0.0058606,0.000382104,0.000382104,1.66E-05,9.56E-07,5.64E-09,8.18E-06,8.18E-06,5.13E-07,5.13E-07,6.03E-09,4.87E-05,4.87E-05,2.36E-05,2.36E-05,1.43E-07,1.43E-07,1.08E-06,1.08038E-06
0.1,4.27E-06,0.000522664,0.00557795,0.138418,0.831147,0.0054897,0.0054897,0.0061563,0.0061563,0.000418881,0.000418881,1.90E-05,1.14E-06,6.99E-09,9.36E-06,9.36E-06,6.13E-07,6.13E-07,7.47E-09,5.23E-05,5.23E-05,2.66E-05,2.66E-05,1.66E-07,1.66E-07,1.28E-06,1.27521E-06
0.104,4.90E-06,0.000581602,0.00596394,0.142462,0.825978,0.005488,0.005488,0.0064495,0.0064495,0.000457151,0.000457151,2.16E-05,1.36E-06,8.57E-09,1.06E-05,1.06E-05,7.28E-07,7.28E-07,9.17E-09,5.59E-05,5.59E-05,2.98E-05,2.98E-05,1.91E-07,1.91E-07,1.49E-06,1.49371E-06
0.108,5.59E-06,0.000644335,0.006358,0.146412,0.820899,0.00548295,0.00548295,0.0067401,0.0067401,0.000496869,0.000496869,2.45E-05,1.60E-06,1.04E-08,1.20E-05,1.20E-05,8.58E-07,8.58E-07,1.12E-08,5.96E-05,5.96E-05,3.32E-05,3.32E-05,2.19E-07,2.19E-07,1.74E-06,1.73734E-06
0.112,6.34E-06,0.00071092,0.00675975,0.150271,0.815907,0.00547505,0.00547505,0.00702785,0.00702785,0.00053799,0.00053799,2.75E-05,1.87E-06,1.26E-08,1.35E-05,1.35E-05,1.00E-06,1.00E-06,1.35E-08,6.33E-05,6.33E-05,3.68E-05,3.68E-05,2.49E-07,2.49E-07,2.01E-06,2.00758E-06
0.116,7.15E-06,0.000781409,0.00716881,0.154041,0.811,0.00546465,0.00546465,0.00731265,0.00731265,0.00058047,0.00058047,3.08E-05,2.17E-06,1.51E-08,1.51E-05,1.51E-05,1.17E-06,1.17E-06,1.62E-08,6.70E-05,6.70E-05,4.06E-05,4.06E-05,2.81E-07,2.81E-07,2.31E-06,2.30587E-06
0.12,8.03E-06,0.000855849,0.00758481,0.157723,0.806177,0.00545215,0.00545215,0.00759445,0.00759445,0.000624265,0.000624265,3.44E-05,2.51E-06,1.79E-08,1.69E-05,1.69E-05,1.35E-06,1.35E-06,1.92E-08,7.06E-05,7.06E-05,4.46E-05,4.46E-05,3.16E-07,3.16E-07,2.63E-06,2.63365E-06
0.124,8.98E-06,0.000934285,0.0080074,0.16132,0.801434,0.0054378,0.0054378,0.00787315,0.00787315,0.00066933,0.00066933,3.81E-05,2.89E-06,2.12E-08,1.87E-05,1.87E-05,1.55E-06,1.55E-06,2.27E-08,7.43E-05,7.43E-05,4.88E-05,4.88E-05,3.54E-07,3.54E-07,2.99E-06,2.99233E-06
0.128,1.00E-05,0.00101675,0.00843624,0.164833,0.796771,0.005422,0.005422,0.00814865,0.00814865,0.000715625,0.000715625,4.22E-05,3.30E-06,2.49E-08,2.07E-05,2.07E-05,1.78E-06,1.78E-06,2.67E-08,7.80E-05,7.80E-05,5.32E-05,5.32E-05,3.94E-07,3.94E-07,3.38E-06,3.38329E-06
0.132,1.11E-05,0.00110329,0.00887099,0.168264,0.792186,0.00540485,0.00540485,0.00842095,0.00842095,0.000763095,0.000763095,4.64E-05,3.76E-06,2.90E-08,2.28E-05,2.28E-05,2.02E-06,2.02E-06,3.12E-08,8.17E-05,8.17E-05,5.78E-05,5.78E-05,4.36E-07,4.36E-07,3.81E-06,3.8079E-06
0.136,1.23E-05,0.00119393,0.00931133,0.171614,0.787676,0.00538665,0.00538665,0.00869,0.00869,0.00081171,0.00081171,5.10E-05,4.26E-06,3.37E-08,2.50E-05,2.50E-05,2.29E-06,2.29E-06,3.62E-08,8.54E-05,8.54E-05,6.26E-05,6.26E-05,4.82E-07,4.82E-07,4.27E-06,4.26749E-06
0.14,1.35E-05,0.0012887,0.00975696,0.174887,0.78324,0.00536755,0.00536755,0.00895575,0.00895575,0.00086142,0.00086142,5.58E-05,4.81E-06,3.90E-08,2.73E-05,2.73E-05,2.59E-06,2.59E-06,4.19E-08,8.90E-05,8.90E-05,6.76E-05,6.76E-05,5.29E-07,5.29E-07,4.76E-06,4.76338E-06
0.144,1.48E-05,0.00138763,0.0102076,0.178082,0.778877,0.0053477,0.0053477,0.0092183,0.0092183,0.000912185,0.000912185,6.09E-05,5.41E-06,4.48E-08,2.98E-05,2.98E-05,2.91E-06,2.91E-06,4.82E-08,9.27E-05,9.27E-05,7.27E-05,7.27E-05,5.80E-07,5.80E-07,5.30E-06,5.2968E-06
0.148,1.62E-05,0.00149072,0.0106629,0.181202,0.774585,0.0053273,0.0053273,0.00947755,0.00947755,0.000963965,0.000963965,6.62E-05,6.07E-06,5.13E-08,3.24E-05,3.24E-05,3.26E-06,3.26E-06,5.52E-08,9.63E-05,9.63E-05,7.81E-05,7.81E-05,6.33E-07,6.33E-07,5.87E-06,5.8691E-06
0.152,1.77E-05,0.00159801,0.0111226,0.184248,0.770363,0.0053064,0.0053064,0.00973355,0.00973355,0.001016715,0.001016715,7.18E-05,6.77E-06,5.85E-08,3.51E-05,3.51E-05,3.64E-06,3.64E-06,6.29E-08,9.99E-05,9.99E-05,8.36E-05,8.36E-05,6.89E-07,6.89E-07,6.48E-06,6.48135E-06
0.156,1.93E-05,0.00170951,0.0115864,0.187222,0.766208,0.00528515,0.00528515,0.0099863,0.0099863,0.0010704,0.0010704,7.77E-05,7.53E-06,6.64E-08,3.80E-05,3.80E-05,4.05E-06,4.05E-06,7.14E-08,1.03E-04,1.03E-04,8.94E-05,8.94E-05,7.48E-07,7.48E-07,7.13E-06,7.1348E-06
0.16,2.10E-05,0.00182522,0.0120542,0.190126,0.76212,0.0052636,0.0052636,0.01023585,0.01023585,0.00112498,0.00112498,8.38E-05,8.36E-06,7.51E-08,4.10E-05,4.10E-05,4.49E-06,4.49E-06,8.08E-08,1.07E-04,1.07E-04,9.53E-05,9.53E-05,8.09E-07,8.09E-07,7.83E-06,7.83065E-06
0.164,2.27E-05,0.00194517,0.0125255,0.19296,0.758097,0.00524185,0.00524185,0.0104822,0.0104822,0.001180415,0.001180415,9.03E-05,9.24E-06,8.47E-08,4.41E-05,4.41E-05,4.97E-06,4.97E-06,9.11E-08,1.11E-04,1.11E-04,1.01E-04,1.01E-04,8.73E-07,8.73E-07,8.57E-06,8.5699E-06
0.168,2.45E-05,0.00206935,0.0130002,0.195727,0.754138,0.00522,0.00522,0.0107254,0.0107254,0.001236675,0.001236675,9.70E-05,1.02E-05,9.52E-08,4.73E-05,4.73E-05,5.48E-06,5.48E-06,1.02E-07,1.14E-04,1.14E-04,1.08E-04,1.08E-04,9.40E-07,9.40E-07,9.35E-06,9.35365E-06
0.172,2.65E-05,0.00219777,0.0134781,0.198427,0.750242,0.00519805,0.00519805,0.01096545,0.01096545,0.001293715,0.001293715,0.000104024,1.12E-05,1.07E-07,5.07E-05,5.07E-05,6.02E-06,6.02E-06,1.15E-07,1.17E-04,1.17E-04,1.14E-04,1.14E-04,1.01E-06,1.01E-06,1.02E-05,0.000010183
0.176,2.85E-05,0.00233042,0.0139589,0.201063,0.746406,0.0051761,0.0051761,0.01120245,0.01120245,0.0013515,0.0013515,0.000111317,1.23E-05,1.19E-07,5.43E-05,5.43E-05,6.61E-06,6.61E-06,1.28E-07,1.21E-04,1.21E-04,1.21E-04,1.21E-04,1.08E-06,1.08E-06,1.11E-05,1.10589E-05
0.18,3.06E-05,0.00246732,0.0144423,0.203636,0.742631,0.0051542,0.0051542,0.01143635,0.01143635,0.001410005,0.001410005,0.000118897,1.35E-05,1.32E-07,5.79E-05,5.79E-05,7.23E-06,7.23E-06,1.42E-07,1.24E-04,1.24E-04,1.27E-04,1.27E-04,1.16E-06,1.16E-06,1.20E-05,1.19824E-05
0.184,3.28E-05,0.00260845,0.0149283,0.206146,0.738914,0.00513235,0.00513235,0.0116673,0.0116673,0.00146919,0.00146919,0.000126764,1.47E-05,1.47E-07,6.17E-05,6.17E-05,7.89E-06,7.89E-06,1.58E-07,1.28E-04,1.28E-04,1.34E-04,1.34E-04,1.23E-06,1.23E-06,1.30E-05,1.29543E-05
0.188,3.51E-05,0.00275381,0.0154165,0.208595,0.735255,0.0051106,0.0051106,0.01189525,0.01189525,0.00152902,0.00152902,0.000134919,1.60E-05,1.63E-07,6.57E-05,6.57E-05,8.59E-06,8.59E-06,1.75E-07,1.31E-04,1.31E-04,1.41E-04,1.41E-04,1.31E-06,1.31E-06,1.40E-05,1.39755E-05
0.192,3.75E-05,0.00290339,0.0159067,0.210985,0.731652,0.00508895,0.00508895,0.0121203,0.0121203,0.00158947,0.00158947,0.000143363,1.74E-05,1.80E-07,6.98E-05,6.98E-05,9.33E-06,9.33E-06,1.93E-07,1.34E-04,1.34E-04,1.48E-04,1.48E-04,1.40E-06,1.40E-06,1.50E-05,0.000015047
0.196,4.00E-05,0.00305718,0.0163989,0.213317,0.728105,0.0050675,0.0050675,0.01234245,0.01234245,0.001650505,0.001650505,0.000152097,1.89E-05,1.98E-07,7.40E-05,7.40E-05,1.01E-05,1.01E-05,2.12E-07,1.37E-04,1.37E-04,1.56E-04,1.56E-04,1.48E-06,1.48E-06,1.62E-05,1.61696E-05
0.2,4.26E-05,0.00321517,0.0168927,0.215592,0.724611,0.0050462,0.0050462,0.01256175,0.01256175,0.001712095,0.001712095,0.00016112,2.04E-05,2.17E-07,7.83E-05,7.83E-05,1.10E-05,1.10E-05,2.33E-07,1.41E-04,1.41E-04,1.63E-04,1.63E-04,1.57E-06,1.57E-06,1.73E-05,0.000017344
0.204,4.53E-05,0.00337734,0.0173881,0.21781,0.721171,0.0050251,0.0050251,0.0127783,0.0127783,0.001774215,0.001774215,0.000170432,2.21E-05,2.38E-07,8.28E-05,8.28E-05,1.18E-05,1.18E-05,2.56E-07,1.44E-04,1.44E-04,1.71E-04,1.71E-04,1.66E-06,1.66E-06,1.86E-05,1.85711E-05
0.208,4.81E-05,0.00354369,0.0178848,0.219975,0.717783,0.0050042,0.0050042,0.0129921,0.0129921,0.00183683,0.00183683,0.000180034,2.38E-05,2.61E-07,8.74E-05,8.74E-05,1.28E-05,1.28E-05,2.79E-07,1.47E-04,1.47E-04,1.79E-04,1.79E-04,1.76E-06,1.76E-06,1.99E-05,1.98515E-05
0.212,5.09E-05,0.00371419,0.0183826,0.222085,0.714446,0.0049835,0.0049835,0.0132032,0.0132032,0.001899915,0.001899915,0.000189926,2.57E-05,2.84E-07,9.22E-05,9.22E-05,1.37E-05,1.37E-05,3.05E-07,1.50E-04,1.50E-04,1.87E-04,1.87E-04,1.85E-06,1.85E-06,2.12E-05,2.11859E-05
0.216,5.39E-05,0.00388882,0.0188815,0.224144,0.711159,0.004963035,0.004963035,0.01341165,0.01341165,0.001963445,0.001963445,0.000200106,2.76E-05,3.10E-07,9.71E-05,9.71E-05,1.48E-05,1.48E-05,3.32E-07,1.53E-04,1.53E-04,1.95E-04,1.95E-04,1.95E-06,1.95E-06,2.26E-05,2.25751E-05
0.22,5.70E-05,0.00406757,0.0193813,0.226151,0.70792,0.0049428,0.0049428,0.01361745,0.01361745,0.002027395,0.002027395,0.000210574,2.96E-05,3.37E-07,1.02E-04,1.02E-04,1.58E-05,1.58E-05,3.61E-07,1.56E-04,1.56E-04,2.03E-04,2.03E-04,2.05E-06,2.05E-06,2.40E-05,2.40196E-05
0.224,6.02E-05,0.00425042,0.0198817,0.228108,0.70473,0.0049228,0.0049228,0.01382075,0.01382075,0.00209174,0.00209174,0.00022133,3.18E-05,3.66E-07,1.07E-04,1.07E-04,1.70E-05,1.70E-05,3.92E-07,1.59E-04,1.59E-04,2.11E-04,2.11E-04,2.15E-06,2.15E-06,2.55E-05,2.55201E-05
0.228,6.35E-05,0.00443733,0.0203827,0.230016,0.701587,0.004903045,0.004903045,0.0140215,0.0140215,0.002156455,0.002156455,0.000232372,3.40E-05,3.96E-07,1.13E-04,1.13E-04,1.81E-05,1.81E-05,4.24E-07,1.62E-04,1.62E-04,2.20E-04,2.20E-04,2.26E-06,2.26E-06,2.71E-05,2.70771E-05
0.232,6.69E-05,0.00462829,0.0208841,0.231876,0.69849,0.00488354,0.00488354,0.0142198,0.0142198,0.00222151,0.00222151,0.0002437,3.63E-05,4.28E-07,1.18E-04,1.18E-04,1.94E-05,1.94E-05,4.58E-07,1.65E-04,1.65E-04,2.28E-04,2.28E-04,2.37E-06,2.37E-06,2.87E-05,2.86911E-05
0.236,7.04E-05,0.00482326,0.0213859,0.233689,0.695439,0.00486428,0.00486428,0.01441565,0.01441565,0.00228689,0.00228689,0.000255313,3.88E-05,4.62E-07,1.24E-04,1.24E-04,2.07E-05,2.07E-05,4.95E-07,1.68E-04,1.68E-04,2.37E-04,2.37E-04,2.48E-06,2.48E-06,3.04E-05,3.03628E-05
0.24,7.40E-05,0.00502223,0.0218878,0.235455,0.692432,0.00484527,0.00484527,0.0146091,0.0146091,0.002352575,0.002352575,0.000267209,4.13E-05,4.98E-07,1.29E-04,1.29E-04,2.20E-05,2.20E-05,5.33E-07,1.71E-04,1.71E-04,2.46E-04,2.46E-04,2.59E-06,2.59E-06,3.21E-05,3.20925E-05
0.244,7.76E-05,0.00522517,0.0223897,0.237177,0.689468,0.00482651,0.00482651,0.01480025,0.01480025,0.002418535,0.002418535,0.000279387,4.40E-05,5.36E-07,1.35E-04,1.35E-04,2.34E-05,2.34E-05,5.73E-07,1.74E-04,1.74E-04,2.55E-04,2.55E-04,2.71E-06,2.71E-06,3.39E-05,3.38808E-05
0.248,8.14E-05,0.00543204,0.0228916,0.238854,0.686547,0.004808,0.004808,0.01498905,0.01498905,0.002484755,0.002484755,0.000291845,4.68E-05,5.76E-07,1.41E-04,1.41E-04,2.49E-05,2.49E-05,6.16E-07,1.77E-04,1.77E-04,2.64E-04,2.64E-04,2.83E-06,2.83E-06,3.57E-05,0.000035728
0.252,8.53E-05,0.00564281,0.0233933,0.240489,0.683668,0.00478974,0.00478974,0.01517565,0.01517565,0.00255121,0.00255121,0.000304583,4.96E-05,6.19E-07,1.47E-04,1.47E-04,2.64E-05,2.64E-05,6.60E-07,1.80E-04,1.80E-04,2.73E-04,2.73E-04,2.95E-06,2.95E-06,3.76E-05,3.76347E-05
0.256,8.93E-05,0.00585747,0.0238946,0.242081,0.68083,0.00477173,0.00477173,0.01535995,0.01535995,0.00261789,0.00261789,0.000317598,5.27E-05,6.63E-07,1.53E-04,1.53E-04,2.80E-05,2.80E-05,7.07E-07,1.82E-04,1.82E-04,2.82E-04,2.82E-04,3.07E-06,3.07E-06,3.96E-05,0.000039601
0.26,9.34E-05,0.00607596,0.0243956,0.243632,0.678032,0.00475397,0.00475397,0.01554215,0.01554215,0.002684765,0.002684765,0.000330889,5.58E-05,7.09E-07,1.60E-04,1.60E-04,2.96E-05,2.96E-05,7.56E-07,1.85E-04,1.85E-04,2.92E-04,2.92E-04,3.20E-06,3.20E-06,4.16E-05,4.16275E-05
0.264,9.76E-05,0.00629827,0.0248961,0.245142,0.675274,0.00473645,0.00473645,0.01572215,0.01572215,0.002751825,0.002751825,0.000344453,5.90E-05,7.58E-07,1.66E-04,1.66E-04,3.13E-05,3.13E-05,8.08E-07,1.88E-04,1.88E-04,3.01E-04,3.01E-04,3.32E-06,3.32E-06,4.37E-05,4.37144E-05
0.268,0.000101951,0.00652435,0.0253959,0.246612,0.672554,0.004719175,0.004719175,0.01590005,0.01590005,0.002819045,0.002819045,0.00035829,6.24E-05,8.09E-07,1.73E-04,1.73E-04,3.31E-05,3.31E-05,8.62E-07,1.90E-04,1.90E-04,3.11E-04,3.11E-04,3.45E-06,3.45E-06,4.59E-05,0.000045862
0.272,0.000106357,0.00675417,0.0258951,0.248044,0.669872,0.00470214,0.00470214,0.0160759,0.0160759,0.002886415,0.002886415,0.000372397,6.59E-05,8.63E-07,1.80E-04,1.80E-04,3.49E-05,3.49E-05,9.18E-07,1.93E-04,1.93E-04,3.20E-04,3.20E-04,3.59E-06,3.59E-06,4.81E-05,4.80707E-05
0.276,0.000110865,0.0069877,0.0263935,0.249438,0.667228,0.004685345,0.004685345,0.0162497,0.0162497,0.002953915,0.002953915,0.000386772,6.96E-05,9.19E-07,1.86E-04,1.86E-04,3.68E-05,3.68E-05,9.77E-07,1.96E-04,1.96E-04,3.30E-04,3.30E-04,3.72E-06,3.72E-06,5.03E-05,5.03405E-05
0.28,0.000115473,0.0072249,0.026891,0.250794,0.66462,0.004668785,0.004668785,0.01642155,0.01642155,0.00302153,0.00302153,0.000401413,7.33E-05,9.77E-07,1.93E-04,1.93E-04,3.88E-05,3.88E-05,1.04E-06,1.98E-04,1.98E-04,3.40E-04,3.40E-04,3.86E-06,3.86E-06,5.27E-05,0.000052672
0.284,0.000120182,0.00746574,0.0273876,0.252114,0.662048,0.004652455,0.004652455,0.0165914,0.0165914,0.003089245,0.003089245,0.000416318,7.72E-05,1.04E-06,2.01E-04,2.01E-04,4.08E-05,4.08E-05,1.10E-06,2.01E-04,2.01E-04,3.50E-04,3.50E-04,4.00E-06,4.00E-06,5.51E-05,5.50655E-05
0.288,0.00012499,0.00771018,0.0278831,0.253399,0.659511,0.004636355,0.004636355,0.0167593,0.0167593,0.003157045,0.003157045,0.000431485,8.12E-05,1.10E-06,2.08E-04,2.08E-04,4.29E-05,4.29E-05,1.17E-06,2.03E-04,2.03E-04,3.60E-04,3.60E-04,4.14E-06,4.14E-06,5.75E-05,5.75205E-05
0.292,0.000129898,0.00795817,0.0283775,0.254648,0.657009,0.00462048,0.00462048,0.01692535,0.01692535,0.00322491,0.00322491,0.000446911,8.54E-05,1.17E-06,2.15E-04,2.15E-04,4.51E-05,4.51E-05,1.24E-06,2.06E-04,2.06E-04,3.70E-04,3.70E-04,4.28E-06,4.28E-06,6.00E-05,6.00375E-05
0.296,0.000134906,0.00820969,0.0288707,0.255864,0.65454,0.004604825,0.004604825,0.01708955,0.01708955,0.003292835,0.003292835,0.000462595,8.97E-05,1.24E-06,2.23E-04,2.23E-04,4.73E-05,4.73E-05,1.31E-06,2.08E-04,2.08E-04,3.80E-04,3.80E-04,4.43E-06,4.43E-06,6.26E-05,0.000062617
0.3,0.000140011,0.0084647,0.0293627,0.257046,0.652105,0.00458939,0.00458939,0.0172519,0.0172519,0.0033608,0.0033608,0.000478533,9.42E-05,1.31E-06,2.30E-04,2.30E-04,4.97E-05,4.97E-05,1.39E-06,2.11E-04,2.11E-04,3.91E-04,3.91E-04,4.57E-06,4.57E-06,6.53E-05,0.000065259
0.304,0.000145215,0.00872315,0.0298534,0.258195,0.649702,0.004574175,0.004574175,0.0174125,0.0174125,0.0034288,0.0034288,0.000494724,9.87E-05,1.38E-06,2.38E-04,2.38E-04,5.20E-05,5.20E-05,1.47E-06,2.13E-04,2.13E-04,4.01E-04,4.01E-04,4.72E-06,4.72E-06,6.80E-05,6.79635E-05
0.308,0.000150517,0.008985,0.0303427,0.259312,0.647331,0.004559165,0.004559165,0.0175713,0.0175713,0.00349681,0.00349681,0.000511164,0.000103471,1.46E-06,2.46E-04,2.46E-04,5.45E-05,5.45E-05,1.55E-06,2.16E-04,2.16E-04,4.12E-04,4.12E-04,4.88E-06,4.88E-06,7.07E-05,7.07305E-05
0.312,0.000155916,0.00925023,0.0308306,0.260399,0.644992,0.00454437,0.00454437,0.01772835,0.01772835,0.003564825,0.003564825,0.000527853,0.000108344,1.54E-06,2.54E-04,2.54E-04,5.70E-05,5.70E-05,1.63E-06,2.18E-04,2.18E-04,4.22E-04,4.22E-04,5.03E-06,5.03E-06,7.36E-05,7.35605E-05
0.316,0.00016141,0.00951878,0.031317,0.261454,0.642683,0.004529775,0.004529775,0.01788375,0.01788375,0.003632835,0.003632835,0.000544787,0.000113362,1.63E-06,2.62E-04,2.62E-04,5.96E-05,5.96E-05,1.72E-06,2.20E-04,2.20E-04,4.33E-04,4.33E-04,5.19E-06,5.19E-06,7.65E-05,7.64525E-05
0.32,0.000167001,0.00979061,0.0318018,0.262479,0.640404,0.004515385,0.004515385,0.01803745,0.01803745,0.00370083,0.00370083,0.000561963,0.000118529,1.71E-06,2.70E-04,2.70E-04,6.23E-05,6.23E-05,1.81E-06,2.23E-04,2.23E-04,4.44E-04,4.44E-04,5.34E-06,5.34E-06,7.94E-05,0.000079408
0.324,0.000172687,0.0100657,0.032285,0.263475,0.638155,0.00450119,0.00450119,0.0181895,0.0181895,0.00376879,0.00376879,0.000579379,0.000123845,1.80E-06,2.78E-04,2.78E-04,6.50E-05,6.50E-05,1.90E-06,2.25E-04,2.25E-04,4.54E-04,4.54E-04,5.50E-06,5.50E-06,8.24E-05,0.000082426
0.328,0.000178467,0.010344,0.0327666,0.264442,0.635935,0.00448719,0.00448719,0.01833995,0.01833995,0.003836715,0.003836715,0.000597033,0.000129311,1.89E-06,2.86E-04,2.86E-04,6.79E-05,6.79E-05,2.00E-06,2.27E-04,2.27E-04,4.65E-04,4.65E-04,5.67E-06,5.67E-06,8.55E-05,0.000085507
0.332,0.000184341,0.0106254,0.0332465,0.265382,0.633743,0.004473385,0.004473385,0.0184888,0.0184888,0.00390459,0.00390459,0.000614922,0.00013493,1.99E-06,2.95E-04,2.95E-04,7.08E-05,7.08E-05,2.10E-06,2.29E-04,2.29E-04,4.76E-04,4.76E-04,5.83E-06,5.83E-06,8.87E-05,0.000088651
0.336,0.000190307,0.01091,0.0337247,0.266293,0.631579,0.004459765,0.004459765,0.0186361,0.0186361,0.0039724,0.0039724,0.000633043,0.000140702,2.09E-06,3.03E-04,3.03E-04,7.37E-05,7.37E-05,2.20E-06,2.32E-04,2.32E-04,4.87E-04,4.87E-04,6.00E-06,6.00E-06,9.19E-05,9.18575E-05
0.34,0.000196366,0.0111977,0.034201,0.267178,0.629443,0.00444633,0.00444633,0.01878185,0.01878185,0.004040145,0.004040145,0.000651395,0.00014663,2.19E-06,3.12E-04,3.12E-04,7.68E-05,7.68E-05,2.31E-06,2.34E-04,2.34E-04,4.98E-04,4.98E-04,6.17E-06,6.17E-06,9.51E-05,9.51275E-05
0.344,0.000202516,0.0114884,0.0346756,0.268036,0.627334,0.004433075,0.004433075,0.01892615,0.01892615,0.00410781,0.00410781,0.000669973,0.000152714,2.30E-06,3.21E-04,3.21E-04,7.99E-05,7.99E-05,2.42E-06,2.36E-04,2.36E-04,5.10E-04,5.10E-04,6.34E-06,6.34E-06,9.85E-05,9.84595E-05
0.348,0.000208757,0.0117821,0.0351482,0.268868,0.625251,0.00442,0.00442,0.0190689,0.0190689,0.00417539,0.00417539,0.000688776,0.000158955,2.41E-06,3.30E-04,3.30E-04,8.31E-05,8.31E-05,2.53E-06,2.38E-04,2.38E-04,5.21E-04,5.21E-04,6.51E-06,6.51E-06,1.02E-04,0.000101855
0.352,0.000215088,0.0120787,0.035619,0.269675,0.623194,0.004407095,0.004407095,0.0192102,0.0192102,0.004242875,0.004242875,0.0007078,0.000165356,2.52E-06,3.39E-04,3.39E-04,8.64E-05,8.64E-05,2.65E-06,2.40E-04,2.40E-04,5.32E-04,5.32E-04,6.68E-06,6.68E-06,1.05E-04,0.000105313
0.356,0.000221507,0.0123783,0.0360879,0.270458,0.621162,0.004394365,0.004394365,0.0193501,0.0193501,0.004310255,0.004310255,0.000727044,0.000171916,2.64E-06,3.48E-04,3.48E-04,8.98E-05,8.98E-05,2.77E-06,2.42E-04,2.42E-04,5.43E-04,5.43E-04,6.86E-06,6.86E-06,1.09E-04,0.000108833
0.36,0.000228015,0.0126808,0.0365548,0.271216,0.619155,0.004381805,0.004381805,0.01948855,0.01948855,0.004377525,0.004377525,0.000746504,0.000178638,2.76E-06,3.57E-04,3.57E-04,9.32E-05,9.32E-05,2.89E-06,2.45E-04,2.45E-04,5.55E-04,5.55E-04,7.04E-06,7.04E-06,1.12E-04,0.000112416
0.364,0.00023461,0.012986,0.0370197,0.271951,0.617173,0.00436941,0.00436941,0.0196256,0.0196256,0.00444468,0.00444468,0.000766178,0.000185523,2.88E-06,3.66E-04,3.66E-04,9.68E-05,9.68E-05,3.02E-06,2.47E-04,2.47E-04,5.66E-04,5.66E-04,7.22E-06,7.22E-06,1.16E-04,0.000116061
0.368,0.000241292,0.0132941,0.0374826,0.272662,0.615215,0.004357175,0.004357175,0.01976135,0.01976135,0.004511705,0.004511705,0.000786064,0.000192571,3.01E-06,3.76E-04,3.76E-04,1.00E-04,1.00E-04,3.15E-06,2.49E-04,2.49E-04,5.78E-04,5.78E-04,7.40E-06,7.40E-06,1.20E-04,0.000119768
0.372,0.000248059,0.0136049,0.0379434,0.273351,0.61328,0.0043451,0.0043451,0.0198957,0.0198957,0.004578595,0.004578595,0.000806158,0.000199784,3.14E-06,3.85E-04,3.85E-04,1.04E-04,1.04E-04,3.29E-06,2.51E-04,2.51E-04,5.90E-04,5.90E-04,7.59E-06,7.59E-06,1.24E-04,0.000123538
0.376,0.00025491,0.0139185,0.0384022,0.274017,0.611369,0.00433318,0.00433318,0.02002875,0.02002875,0.00464535,0.00464535,0.000826458,0.000207162,3.27E-06,3.95E-04,3.95E-04,1.08E-04,1.08E-04,3.43E-06,2.53E-04,2.53E-04,6.01E-04,6.01E-04,7.77E-06,7.77E-06,1.27E-04,0.000127369
0.38,0.000261845,0.0142346,0.0388588,0.274662,0.60948,0.004321415,0.004321415,0.0201605,0.0201605,0.004711955,0.004711955,0.000846961,0.000214707,3.41E-06,4.04E-04,4.04E-04,1.12E-04,1.12E-04,3.57E-06,2.55E-04,2.55E-04,6.13E-04,6.13E-04,7.96E-06,7.96E-06,1.31E-04,0.000131263
0.384,0.000268864,0.0145535,0.0393134,0.275285,0.607614,0.0043098,0.0043098,0.02029095,0.02029095,0.004778415,0.004778415,0.000867665,0.00022242,3.55E-06,4.14E-04,4.14E-04,1.16E-04,1.16E-04,3.71E-06,2.57E-04,2.57E-04,6.25E-04,6.25E-04,8.15E-06,8.15E-06,1.35E-04,0.000135218
0.388,0.000275963,0.0148749,0.0397658,0.275888,0.605769,0.00429833,0.00429833,0.02042015,0.02042015,0.00484471,0.00484471,0.000888566,0.000230302,3.70E-06,4.24E-04,4.24E-04,1.20E-04,1.20E-04,3.86E-06,2.59E-04,2.59E-04,6.37E-04,6.37E-04,8.34E-06,8.34E-06,1.39E-04,0.000139234
0.392,0.000283144,0.0151988,0.040216,0.27647,0.603946,0.00428701,0.00428701,0.0205481,0.0205481,0.004910845,0.004910845,0.000909663,0.000238353,3.85E-06,4.34E-04,4.34E-04,1.24E-04,1.24E-04,4.02E-06,2.61E-04,2.61E-04,6.49E-04,6.49E-04,8.54E-06,8.54E-06,1.43E-04,0.000143313
0.396,0.000290405,0.0155253,0.0406641,0.277033,0.602144,0.00427583,0.00427583,0.02067485,0.02067485,0.00497681,0.00497681,0.000930953,0.000246574,4.00E-06,4.44E-04,4.44E-04,1.28E-04,1.28E-04,4.18E-06,2.63E-04,2.63E-04,6.61E-04,6.61E-04,8.73E-06,8.73E-06,1.47E-04,0.000147452
0.4,0.000297745,0.0158542,0.04111,0.277576,0.600363,0.00426479,0.00426479,0.02080035,0.02080035,0.0050426,0.0050426,0.000952432,0.000254967,4.16E-06,4.54E-04,4.54E-04,1.32E-04,1.32E-04,4.34E-06,2.65E-04,2.65E-04,6.73E-04,6.73E-04,8.93E-06,8.93E-06,1.52E-04,0.000151652
0.404,0.000305163,0.0161855,0.0415537,0.278099,0.598602,0.004253885,0.004253885,0.0209247,0.0209247,0.0051082,0.0051082,0.000974099,0.000263531,4.32E-06,4.64E-04,4.64E-04,1.37E-04,1.37E-04,4.50E-06,2.67E-04,2.67E-04,6.85E-04,6.85E-04,9.13E-06,9.13E-06,1.56E-04,0.000155913
0.408,0.000312658,0.0165192,0.0419952,0.278605,0.596861,0.004243115,0.004243115,0.0210479,0.0210479,0.00517365,0.00517365,0.00099595,0.000272269,4.48E-06,4.74E-04,4.74E-04,1.41E-04,1.41E-04,4.67E-06,2.68E-04,2.68E-04,6.97E-04,6.97E-04,9.33E-06,9.33E-06,1.60E-04,0.000160235
0.412,0.000320229,0.0168552,0.0424344,0.279091,0.595139,0.00423248,0.00423248,0.02116995,0.02116995,0.0052389,0.0052389,0.00101798,0.000281179,4.65E-06,4.85E-04,4.85E-04,1.46E-04,1.46E-04,4.84E-06,2.70E-04,2.70E-04,7.09E-04,7.09E-04,9.54E-06,9.54E-06,1.65E-04,0.000164617
0.416,0.000327875,0.0171935,0.0428714,0.279561,0.593437,0.00422197,0.00422197,0.02129085,0.02129085,0.00530395,0.00530395,0.0010402,0.000290264,4.83E-06,4.95E-04,4.95E-04,1.50E-04,1.50E-04,5.02E-06,2.72E-04,2.72E-04,7.21E-04,7.21E-04,9.74E-06,9.74E-06,1.69E-04,0.000169059
0.42,0.000335595,0.0175341,0.0433062,0.280012,0.591754,0.00421159,0.00421159,0.02141065,0.02141065,0.0053688,0.0053688,0.00106259,0.000299524,5.00E-06,5.06E-04,5.06E-04,1.55E-04,1.55E-04,5.20E-06,2.74E-04,2.74E-04,7.34E-04,7.34E-04,9.95E-06,9.95E-06,1.74E-04,0.000173562
0.424,0.000343388,0.0178769,0.0437387,0.280447,0.590089,0.004201335,0.004201335,0.02152935,0.02152935,0.00543345,0.00543345,0.00108515,0.00030896,5.18E-06,5.16E-04,5.16E-04,1.60E-04,1.60E-04,5.39E-06,2.76E-04,2.76E-04,7.46E-04,7.46E-04,1.02E-05,1.02E-05,1.78E-04,0.000178124
0.428,0.000351254,0.0182219,0.0441689,0.280864,0.588443,0.004191205,0.004191205,0.02164695,0.02164695,0.00549785,0.00549785,0.00110789,0.000318571,5.37E-06,5.27E-04,5.27E-04,1.64E-04,1.64E-04,5.58E-06,2.78E-04,2.78E-04,7.58E-04,7.58E-04,1.04E-05,1.04E-05,1.83E-04,0.000182745
0.432,0.000359191,0.018569,0.0445969,0.281266,0.586814,0.00418119,0.00418119,0.0217635,0.0217635,0.0055621,0.0055621,0.0011308,0.000328359,5.56E-06,5.38E-04,5.38E-04,1.69E-04,1.69E-04,5.77E-06,2.79E-04,2.79E-04,7.71E-04,7.71E-04,1.06E-05,1.06E-05,1.87E-04,0.000187426
0.436,0.000367197,0.0189182,0.0450226,0.281651,0.585203,0.004171295,0.004171295,0.021879,0.021879,0.00562615,0.00562615,0.00115387,0.000338324,5.75E-06,5.49E-04,5.49E-04,1.74E-04,1.74E-04,5.97E-06,2.81E-04,2.81E-04,7.83E-04,7.83E-04,1.08E-05,1.08E-05,1.92E-04,0.000192165
0.44,0.000375274,0.0192695,0.045446,0.28202,0.58361,0.004161515,0.004161515,0.02199345,0.02199345,0.00568995,0.00568995,0.00117711,0.000348467,5.95E-06,5.59E-04,5.59E-04,1.80E-04,1.80E-04,6.17E-06,2.83E-04,2.83E-04,7.96E-04,7.96E-04,1.10E-05,1.10E-05,1.97E-04,0.000196964
0.444,0.000383418,0.0196228,0.0458671,0.282375,0.582033,0.00415185,0.00415185,0.0221069,0.0221069,0.00575355,0.00575355,0.0012005,0.000358788,6.15E-06,5.70E-04,5.70E-04,1.85E-04,1.85E-04,6.38E-06,2.85E-04,2.85E-04,8.08E-04,8.08E-04,1.12E-05,1.12E-05,2.02E-04,0.000201821
0.448,0.000391629,0.019978,0.0462859,0.282714,0.580473,0.004142295,0.004142295,0.02221935,0.02221935,0.0058169,0.0058169,0.00122406,0.000369288,6.36E-06,5.81E-04,5.81E-04,1.90E-04,1.90E-04,6.59E-06,2.86E-04,2.86E-04,8.21E-04,8.21E-04,1.14E-05,1.14E-05,2.07E-04,0.000206736
0.452,0.000399907,0.0203352,0.0467025,0.283039,0.578929,0.00413285,0.00413285,0.0223308,0.0223308,0.00588005,0.00588005,0.00124778,0.000379967,6.57E-06,5.93E-04,5.93E-04,1.95E-04,1.95E-04,6.80E-06,2.88E-04,2.88E-04,8.34E-04,8.34E-04,1.17E-05,1.17E-05,2.12E-04,0.000211709
0.456,0.000408249,0.0206944,0.0471167,0.283349,0.577401,0.004123515,0.004123515,0.02244125,0.02244125,0.00594295,0.00594295,0.00127165,0.000390825,6.79E-06,6.04E-04,6.04E-04,2.01E-04,2.01E-04,7.02E-06,2.90E-04,2.90E-04,8.47E-04,8.47E-04,1.19E-05,1.19E-05,2.17E-04,0.00021674
0.46,0.000416656,0.0210553,0.0475287,0.283645,0.575889,0.00411428,0.00411428,0.02255075,0.02255075,0.00600565,0.00600565,0.00129567,0.000401863,7.01E-06,6.15E-04,6.15E-04,2.06E-04,2.06E-04,7.24E-06,2.92E-04,2.92E-04,8.59E-04,8.59E-04,1.21E-05,1.21E-05,2.22E-04,0.000221828
0.464,0.000425126,0.0214181,0.0479383,0.283927,0.574392,0.00410515,0.00410515,0.02265935,0.02265935,0.0060681,0.0060681,0.00131984,0.000413081,7.23E-06,6.26E-04,6.26E-04,2.12E-04,2.12E-04,7.47E-06,2.93E-04,2.93E-04,8.72E-04,8.72E-04,1.23E-05,1.23E-05,2.27E-04,0.000226973
0.468,0.000433658,0.0217827,0.0483457,0.284196,0.572911,0.004096125,0.004096125,0.02276695,0.02276695,0.0061303,0.0061303,0.00134416,0.000424479,7.46E-06,6.38E-04,6.38E-04,2.18E-04,2.18E-04,7.70E-06,2.95E-04,2.95E-04,8.85E-04,8.85E-04,1.26E-05,1.26E-05,2.32E-04,0.000232175
0.472,0.000442252,0.0221491,0.0487508,0.284452,0.571444,0.0040872,0.0040872,0.02287365,0.02287365,0.0061923,0.0061923,0.00136863,0.000436058,7.69E-06,6.49E-04,6.49E-04,2.24E-04,2.24E-04,7.94E-06,2.97E-04,2.97E-04,8.98E-04,8.98E-04,1.28E-05,1.28E-05,2.37E-04,0.000237434
0.476,0.000450905,0.0225171,0.0491536,0.284695,0.569993,0.00407837,0.00407837,0.02297945,0.02297945,0.00625405,0.00625405,0.00139323,0.000447818,7.93E-06,6.60E-04,6.60E-04,2.29E-04,2.29E-04,8.18E-06,2.98E-04,2.98E-04,9.11E-04,9.11E-04,1.30E-05,1.30E-05,2.43E-04,0.000242749
0.48,0.000459618,0.0228869,0.0495541,0.284926,0.568555,0.004069635,0.004069635,0.02308435,0.02308435,0.00631555,0.00631555,0.00141798,0.00045976,8.17E-06,6.72E-04,6.72E-04,2.35E-04,2.35E-04,8.42E-06,3.00E-04,3.00E-04,9.24E-04,9.24E-04,1.33E-05,1.33E-05,2.48E-04,0.000248119
0.484,0.000468389,0.0232582,0.0499523,0.285144,0.567132,0.004060995,0.004060995,0.02318835,0.02318835,0.0063768,0.0063768,0.00144287,0.000471882,8.42E-06,6.84E-04,6.84E-04,2.42E-04,2.42E-04,8.67E-06,3.02E-04,3.02E-04,9.37E-04,9.37E-04,1.35E-05,1.35E-05,2.54E-04,0.000253546
0.488,0.000477217,0.0236312,0.0503483,0.28535,0.565723,0.00405245,0.00405245,0.0232915,0.0232915,0.00643785,0.00643785,0.00146789,0.000484186,8.67E-06,6.95E-04,6.95E-04,2.48E-04,2.48E-04,8.92E-06,3.03E-04,3.03E-04,9.50E-04,9.50E-04,1.37E-05,1.37E-05,2.59E-04,0.000259028
0.492,0.000486101,0.0240058,0.0507419,0.285544,0.564327,0.004043995,0.004043995,0.02339375,0.02339375,0.0064986,0.0064986,0.00149305,0.000496672,8.92E-06,7.07E-04,7.07E-04,2.54E-04,2.54E-04,9.18E-06,3.05E-04,3.05E-04,9.63E-04,9.63E-04,1.40E-05,1.40E-05,2.65E-04,0.000264565
0.496,0.00049504,0.0243819,0.0511334,0.285727,0.562945,0.004035625,0.004035625,0.0234952,0.0234952,0.00655915,0.00655915,0.00151833,0.000509339,9.18E-06,7.19E-04,7.19E-04,2.60E-04,2.60E-04,9.44E-06,3.06E-04,3.06E-04,9.76E-04,9.76E-04,1.42E-05,1.42E-05,2.70E-04,0.000270156
0.5,0.000504034,0.0247595,0.0515225,0.285898,0.561576,0.004027345,0.004027345,0.02359575,0.02359575,0.0066194,0.0066194,0.00154375,0.000522189,9.44E-06,7.31E-04,7.31E-04,2.67E-04,2.67E-04,9.71E-06,3.08E-04,3.08E-04,9.89E-04,9.89E-04,1.45E-05,1.45E-05,2.76E-04,0.000275802
0.504,0.000513081,0.0251385,0.0519094,0.286059,0.56022,0.004019155,0.004019155,0.0236955,0.0236955,0.00667945,0.00667945,0.00156929,0.00053522,9.71E-06,7.43E-04,7.43E-04,2.73E-04,2.73E-04,9.98E-06,3.09E-04,3.09E-04,1.00E-03,1.00E-03,1.47E-05,1.47E-05,2.82E-04,0.000281502
0.508,0.000522181,0.025519,0.0522941,0.286208,0.558877,0.004011045,0.004011045,0.02379445,0.02379445,0.00673925,0.00673925,0.00159496,0.000548434,9.99E-06,7.54E-04,7.54E-04,2.80E-04,2.80E-04,1.03E-05,3.11E-04,3.11E-04,1.02E-03,1.02E-03,1.49E-05,1.49E-05,2.87E-04,0.000287256
0.512,0.000531331,0.0259009,0.0526765,0.286347,0.557547,0.00400302,0.00400302,0.02389255,0.02389255,0.00679875,0.00679875,0.00162076,0.000561829,1.03E-05,7.66E-04,7.66E-04,2.86E-04,2.86E-04,1.05E-05,3.13E-04,3.13E-04,1.03E-03,1.03E-03,1.52E-05,1.52E-05,2.93E-04,0.000293064
0.516,0.000540533,0.0262842,0.0530567,0.286476,0.556228,0.003995075,0.003995075,0.0239899,0.0239899,0.00685805,0.00685805,0.00164667,0.000575407,1.05E-05,7.79E-04,7.79E-04,2.93E-04,2.93E-04,1.08E-05,3.14E-04,3.14E-04,1.04E-03,1.04E-03,1.54E-05,1.54E-05,2.99E-04,0.000298924
0.52,0.000549783,0.0266687,0.0534346,0.286595,0.554922,0.00398721,0.00398721,0.02408645,0.02408645,0.00691705,0.00691705,0.0016727,0.000589166,1.08E-05,7.91E-04,7.91E-04,3.00E-04,3.00E-04,1.11E-05,3.16E-04,3.16E-04,1.06E-03,1.06E-03,1.57E-05,1.57E-05,3.05E-04,0.000304838
0.524,0.000559082,0.0270546,0.0538104,0.286704,0.553628,0.003979425,0.003979425,0.0241822,0.0241822,0.0069758,0.0069758,0.00169885,0.000603108,1.11E-05,8.03E-04,8.03E-04,3.07E-04,3.07E-04,1.14E-05,3.17E-04,3.17E-04,1.07E-03,1.07E-03,1.59E-05,1.59E-05,3.11E-04,0.000310804
0.528,0.000568429,0.0274418,0.0541839,0.286803,0.552345,0.003971715,0.003971715,0.0242772,0.0242772,0.00703435,0.00703435,0.00172511,0.000617231,1.14E-05,8.15E-04,8.15E-04,3.14E-04,3.14E-04,1.17E-05,3.19E-04,3.19E-04,1.08E-03,1.08E-03,1.62E-05,1.62E-05,3.17E-04,0.000316822
0.532,0.000577822,0.0278301,0.0545552,0.286893,0.551074,0.003964085,0.003964085,0.02437145,0.02437145,0.0070926,0.0070926,0.00175149,0.000631536,1.17E-05,8.27E-04,8.27E-04,3.21E-04,3.21E-04,1.20E-05,3.20E-04,3.20E-04,1.10E-03,1.10E-03,1.65E-05,1.65E-05,3.23E-04,0.000322892
0.536,0.000587261,0.0282197,0.0549244,0.286973,0.549814,0.003956525,0.003956525,0.0244649,0.0244649,0.0071506,0.0071506,0.00177797,0.000646023,1.20E-05,8.40E-04,8.40E-04,3.28E-04,3.28E-04,1.23E-05,3.22E-04,3.22E-04,1.11E-03,1.11E-03,1.67E-05,1.67E-05,3.29E-04,0.000329013
0.54,0.000596745,0.0286105,0.0552913,0.287045,0.548565,0.00394904,0.00394904,0.02455765,0.02455765,0.0072083,0.0072083,0.00180457,0.000660692,1.23E-05,8.52E-04,8.52E-04,3.36E-04,3.36E-04,1.26E-05,3.23E-04,3.23E-04,1.12E-03,1.12E-03,1.70E-05,1.70E-05,3.35E-04,0.000335186
0.544,0.000606273,0.0290023,0.0556561,0.287108,0.547327,0.003941625,0.003941625,0.0246497,0.0246497,0.0072658,0.0072658,0.00183127,0.000675542,1.27E-05,8.64E-04,8.64E-04,3.43E-04,3.43E-04,1.29E-05,3.24E-04,3.24E-04,1.14E-03,1.14E-03,1.72E-05,1.72E-05,3.41E-04,0.00034141
0.548,0.000615843,0.0293953,0.0560188,0.287162,0.5461,0.00393428,0.00393428,0.024741,0.024741,0.007323,0.007323,0.00185808,0.000690574,1.30E-05,8.77E-04,8.77E-04,3.50E-04,3.50E-04,1.32E-05,3.26E-04,3.26E-04,1.15E-03,1.15E-03,1.75E-05,1.75E-05,3.48E-04,0.000347684
0.552,0.000625456,0.0297894,0.0563793,0.287208,0.544884,0.003927005,0.003927005,0.02483155,0.02483155,0.00738,0.00738,0.00188499,0.000705786,1.33E-05,8.89E-04,8.89E-04,3.58E-04,3.58E-04,1.36E-05,3.27E-04,3.27E-04,1.16E-03,1.16E-03,1.78E-05,1.78E-05,3.54E-04,0.000354009
0.556,0.00063511,0.0301845,0.0567376,0.287245,0.543677,0.0039198,0.0039198,0.02492145,0.02492145,0.0074367,0.0074367,0.001912,0.00072118,1.36E-05,9.02E-04,9.02E-04,3.65E-04,3.65E-04,1.39E-05,3.29E-04,3.29E-04,1.18E-03,1.18E-03,1.80E-05,1.80E-05,3.60E-04,0.000360383
0.56,0.000644804,0.0305806,0.0570939,0.287275,0.542481,0.00391266,0.00391266,0.0250106,0.0250106,0.00749315,0.00749315,0.00193911,0.000736754,1.40E-05,9.14E-04,9.14E-04,3.73E-04,3.73E-04,1.42E-05,3.30E-04,3.30E-04,1.19E-03,1.19E-03,1.83E-05,1.83E-05,3.67E-04,0.000366807
0.564,0.000654537,0.0309777,0.057448,0.287296,0.541295,0.003905585,0.003905585,0.0250991,0.0250991,0.0075493,0.0075493,0.00196632,0.000752509,1.43E-05,9.27E-04,9.27E-04,3.81E-04,3.81E-04,1.46E-05,3.32E-04,3.32E-04,1.20E-03,1.20E-03,1.86E-05,1.86E-05,3.73E-04,0.000373281
0.568,0.000664309,0.0313758,0.0578,0.28731,0.540119,0.003898575,0.003898575,0.0251869,0.0251869,0.00760525,0.00760525,0.00199362,0.000768444,1.46E-05,9.40E-04,9.40E-04,3.89E-04,3.89E-04,1.49E-05,3.33E-04,3.33E-04,1.22E-03,1.22E-03,1.88E-05,1.88E-05,3.80E-04,0.000379803
0.572,0.000674119,0.0317748,0.0581499,0.287316,0.538953,0.003891625,0.003891625,0.02527405,0.02527405,0.0076609,0.0076609,0.00202102,0.000784559,1.50E-05,9.52E-04,9.52E-04,3.97E-04,3.97E-04,1.52E-05,3.34E-04,3.34E-04,1.23E-03,1.23E-03,1.91E-05,1.91E-05,3.86E-04,0.000386374
0.576,0.000683965,0.0321747,0.0584977,0.287315,0.537796,0.00388474,0.00388474,0.02536055,0.02536055,0.00771635,0.00771635,0.00204851,0.000800854,1.53E-05,9.65E-04,9.65E-04,4.05E-04,4.05E-04,1.56E-05,3.36E-04,3.36E-04,1.25E-03,1.25E-03,1.94E-05,1.94E-05,3.93E-04,0.000392993
0.58,0.000693847,0.0325754,0.0588435,0.287307,0.536649,0.003877915,0.003877915,0.02544635,0.02544635,0.0077715,0.0077715,0.00207609,0.000817328,1.57E-05,9.78E-04,9.78E-04,4.13E-04,4.13E-04,1.59E-05,3.37E-04,3.37E-04,1.26E-03,1.26E-03,1.96E-05,1.96E-05,4.00E-04,0.00039966
0.584,0.000703765,0.032977,0.0591872,0.287292,0.535511,0.00387115,0.00387115,0.0255315,0.0255315,0.00782635,0.00782635,0.00210376,0.000833982,1.61E-05,9.91E-04,9.91E-04,4.21E-04,4.21E-04,1.63E-05,3.38E-04,3.38E-04,1.27E-03,1.27E-03,1.99E-05,1.99E-05,4.06E-04,0.000406375
0.588,0.000713716,0.0333794,0.0595289,0.28727,0.534381,0.003864445,0.003864445,0.02561605,0.02561605,0.007881,0.007881,0.00213152,0.000850814,1.64E-05,1.00E-03,1.00E-03,4.29E-04,4.29E-04,1.67E-05,3.40E-04,3.40E-04,1.29E-03,1.29E-03,2.02E-05,2.02E-05,4.13E-04,0.000413137
