Time,AI,AF,AD,AL,AA,BD,BC,AM,AN,AY,AZ,AC,AK,AH,AT,AS,AR,AQ,AG,BB,BA,AO,AP,AV,AU,AX,AW
0,0,0,0,0,0,0,0,0.5,0.5,0,0,0,0,0,0,0,0,0,0,0,0,0,0,0,0,0,0
0.005,2.11E-16,6.81E-13,2.51E-10,2.41E-07,7.87E-05,9.58E-04,9.58E-04,4.94E-01,4.94E-01,4.47E-03,4.47E-03,1.85E-05,8.51E-08,4.39E-11,9.24E-06,9.24E-06,4.30E-08,4.30E-08,4.42E-11,9.58E-04,9.58E-04,3.93E-05,3.93E-05,2.67E-08,2.67E-08,1.33E-07,1.33372E-07
0.01,1.46E-14,2.14E-11,3.85E-09,1.84E-06,0.000296476,0.001761345,0.001761345,0.487311,0.487311,0.0087945,0.0087945,7.27E-05,6.70E-07,6.81E-10,3.63E-05,3.63E-05,3.42E-07,3.42E-07,6.93E-10,1.76E-03,1.76E-03,1.48E-04,1.48E-04,1.96E-07,1.96E-07,1.02E-06,1.01816E-06
0.015,1.60E-13,1.57E-10,1.87E-08,5.91E-06,0.000629291,0.002434625,0.002434625,0.4813665,0.4813665,0.0129659,0.0129659,0.00016076,2.23E-06,3.35E-09,8.01E-05,8.01E-05,1.15E-06,1.15E-06,3.44E-09,2.43E-03,2.43E-03,3.14E-04,3.14E-04,6.10E-07,6.10E-07,3.28E-06,3.2818E-06
0.02,8.64E-13,6.37E-10,5.66E-08,1.34E-05,0.00105671,0.00299734,0.00299734,0.475655,0.475655,0.01699425,0.01699425,0.000280866,5.19E-06,1.03E-08,1.40E-04,1.40E-04,2.69E-06,2.69E-06,1.06E-08,3.00E-03,3.00E-03,5.27E-04,5.27E-04,1.33E-06,1.33E-06,7.44E-06,7.4355E-06
0.025,3.16E-12,1.87E-09,1.33E-07,2.49E-05,0.00156151,0.003466375,0.003466375,0.4701545,0.4701545,0.0208849,0.0208849,0.000431324,9.98E-06,2.44E-08,2.14E-04,2.14E-04,5.21E-06,5.21E-06,2.54E-08,3.47E-03,3.47E-03,7.78E-04,7.78E-04,2.40E-06,2.40E-06,1.39E-05,1.38924E-05
0.03,9.04E-12,4.50E-09,2.64E-07,4.11E-05,0.00212911,0.00385606,0.00385606,0.464847,0.464847,0.0246427,0.0246427,0.000610504,1.70E-05,4.93E-08,3.03E-04,3.03E-04,8.91E-06,8.91E-06,5.14E-08,3.86E-03,3.86E-03,1.06E-03,1.06E-03,3.84E-06,3.84E-06,2.30E-05,2.29824E-05
0.035,2.19E-11,9.37E-09,4.69E-07,6.23E-05,0.00274725,0.004178555,0.004178555,0.459717,0.459717,0.02827235,0.02827235,0.000816848,2.65E-05,8.88E-08,4.05E-04,4.05E-04,1.40E-05,1.40E-05,9.30E-08,4.18E-03,4.18E-03,1.37E-03,1.37E-03,5.63E-06,5.63E-06,3.50E-05,3.49658E-05
0.04,4.67E-11,1.76E-08,7.70E-07,8.90E-05,0.00340557,0.00444418,0.00444418,0.45475,0.45475,0.0317783,0.0317783,0.00104887,3.90E-05,1.47E-07,5.19E-04,5.19E-04,2.07E-05,2.07E-05,1.55E-07,4.44E-03,4.44E-03,1.69E-03,1.69E-03,7.79E-06,7.79E-06,5.00E-05,0.000050044
0.045,9.08E-11,3.07E-08,1.19E-06,0.000121243,0.00409535,0.004661695,0.004661695,0.449934,0.449934,0.03516475,0.03516475,0.00130514,5.47E-05,2.30E-07,6.45E-04,6.45E-04,2.91E-05,2.91E-05,2.42E-07,4.66E-03,4.66E-03,2.04E-03,2.04E-03,1.03E-05,1.03E-05,6.84E-05,0.000068368
0.05,1.64E-10,5.02E-08,1.74E-06,0.00015928,0.00480926,0.00483853,0.00483853,0.445258,0.445258,0.0384357,0.0384357,0.0015843,7.39E-05,3.40E-07,7.82E-04,7.82E-04,3.94E-05,3.94E-05,3.61E-07,4.84E-03,4.84E-03,2.39E-03,2.39E-03,1.31E-05,1.31E-05,9.00E-05,9.00485E-05
0.055,2.79E-10,7.82E-08,2.45E-06,0.000203174,0.00554114,0.004980995,0.004980995,0.4407135,0.4407135,0.041595,0.041595,0.00188504,9.68E-05,4.85E-07,9.30E-04,9.30E-04,5.18E-05,5.18E-05,5.15E-07,4.98E-03,4.98E-03,2.75E-03,2.75E-03,1.62E-05,1.62E-05,1.15E-04,0.00011516
0.06,4.51E-10,1.17E-07,3.34E-06,0.000252961,0.00628585,0.00509445,0.00509445,0.4362915,0.4362915,0.04464625,0.04464625,0.00220611,0.000123789,6.69E-07,1.09E-03,1.09E-03,6.63E-05,6.63E-05,7.12E-07,5.09E-03,5.09E-03,3.12E-03,3.12E-03,1.96E-05,1.96E-05,1.44E-04,0.000143747
0.065,7.01E-10,1.68E-07,4.43E-06,0.000308631,0.00703905,0.0051834,0.0051834,0.431985,0.431985,0.04759305,0.04759305,0.00254633,0.000155005,8.96E-07,1.25E-03,1.25E-03,8.32E-05,8.32E-05,9.57E-07,5.18E-03,5.18E-03,3.49E-03,3.49E-03,2.32E-05,2.32E-05,1.76E-04,0.000175832
0.07,1.05E-09,2.36E-07,5.74E-06,0.000370142,0.00779716,0.0052517,0.0052517,0.4277875,0.4277875,0.0504385,0.0504385,0.00290455,0.000190678,1.17E-06,1.43E-03,1.43E-03,1.02E-04,1.02E-04,1.25E-06,5.25E-03,5.25E-03,3.87E-03,3.87E-03,2.71E-05,2.71E-05,2.11E-04,0.000211415
0.075,1.53E-09,3.23E-07,7.30E-06,0.000437421,0.00855717,0.00530265,0.00530265,0.423693,0.423693,0.0531865,0.0531865,0.00327967,0.000231003,1.51E-06,1.61E-03,1.61E-03,1.24E-04,1.24E-04,1.61E-06,5.30E-03,5.30E-03,4.24E-03,4.24E-03,3.11E-05,3.11E-05,2.50E-04,0.00025048
0.08,2.16E-09,4.31E-07,9.11E-06,0.000510372,0.00931659,0.00533895,0.00533895,0.4196965,0.4196965,0.0558395,0.0558395,0.00367064,0.000276155,1.90E-06,1.80E-03,1.80E-03,1.49E-04,1.49E-04,2.04E-06,5.34E-03,5.34E-03,4.61E-03,4.61E-03,3.53E-05,3.53E-05,2.93E-04,0.000292996
0.085,2.99E-09,5.65E-07,1.12E-05,0.00058888,0.0100734,0.00536305,0.00536305,0.415793,0.415793,0.0584005,0.0584005,0.00407648,0.000326297,2.36E-06,2.00E-03,2.00E-03,1.76E-04,1.76E-04,2.53E-06,5.36E-03,5.36E-03,4.99E-03,4.99E-03,3.97E-05,3.97E-05,3.39E-04,0.000338921
0.09,4.06E-09,7.29E-07,1.36E-05,0.000672817,0.0108259,0.00537685,0.00537685,0.4119785,0.4119785,0.060873,0.060873,0.00449621,0.000381576,2.88E-06,2.20E-03,2.20E-03,2.06E-04,2.06E-04,3.10E-06,5.38E-03,5.38E-03,5.36E-03,5.36E-03,4.41E-05,4.41E-05,3.88E-04,0.000388204
0.095,5.40E-09,9.26E-07,1.63E-05,0.000762042,0.0115726,0.00538205,0.00538205,0.408249,0.408249,0.063259,0.063259,0.00492891,0.000442124,3.49E-06,2.41E-03,2.41E-03,2.38E-04,2.38E-04,3.75E-06,5.38E-03,5.38E-03,5.72E-03,5.72E-03,4.87E-05,4.87E-05,4.41E-04,0.000440786
0.1,7.07E-09,1.16E-06,1.93E-05,0.000856406,0.0123126,0.00538005,0.00538005,0.404601,0.404601,0.0655615,0.0655615,0.00537373,0.00050806,4.17E-06,2.63E-03,2.63E-03,2.74E-04,2.74E-04,4.49E-06,5.38E-03,5.38E-03,6.09E-03,6.09E-03,5.34E-05,5.34E-05,4.97E-04,0.000496601
0.105,9.13E-09,1.44E-06,2.27E-05,0.000955753,0.0130448,0.00537215,0.00537215,0.4010315,0.4010315,0.067783,0.067783,0.0058298,0.000579491,4.94E-06,2.85E-03,2.85E-03,3.12E-04,3.12E-04,5.32E-06,5.37E-03,5.37E-03,6.45E-03,6.45E-03,5.81E-05,5.81E-05,5.56E-04,0.00055558
0.11,1.16E-08,1.76E-06,2.65E-05,0.00105992,0.0137687,0.0053593,0.0053593,0.397537,0.397537,0.0699265,0.0699265,0.00629633,0.000656511,5.80E-06,3.07E-03,3.07E-03,3.54E-04,3.54E-04,6.25E-06,5.36E-03,5.36E-03,6.80E-03,6.80E-03,6.30E-05,6.30E-05,6.18E-04,0.000617645
0.115,1.46E-08,2.13E-06,3.06E-05,0.00116875,0.0144835,0.0053424,0.0053424,0.3941155,0.3941155,0.0719935,0.0719935,0.00677256,0.000739204,6.75E-06,3.30E-03,3.30E-03,3.98E-04,3.98E-04,7.27E-06,5.34E-03,5.34E-03,7.15E-03,7.15E-03,6.78E-05,6.78E-05,6.83E-04,0.000682725
0.12,1.82E-08,2.55E-06,3.51E-05,0.00128208,0.0151889,0.00532215,0.00532215,0.3907635,0.3907635,0.073987,0.073987,0.00725775,0.000827642,7.80E-06,3.53E-03,3.53E-03,4.46E-04,4.46E-04,8.41E-06,5.32E-03,5.32E-03,7.50E-03,7.50E-03,7.27E-05,7.27E-05,7.51E-04,0.00075074
0.125,2.24E-08,3.04E-06,4.00E-05,0.00139974,0.0158846,0.00529915,0.00529915,0.387479,0.387479,0.0759095,0.0759095,0.00775119,0.000921887,8.96E-06,3.77E-03,3.77E-03,4.96E-04,4.96E-04,9.65E-06,5.30E-03,5.30E-03,7.84E-03,7.84E-03,7.77E-05,7.77E-05,8.22E-04,0.000821605
0.13,2.73E-08,3.59E-06,4.53E-05,0.00152156,0.0165704,0.005274,0.005274,0.38426,0.38426,0.0777625,0.0777625,0.00825223,0.00102199,1.02E-05,4.01E-03,4.01E-03,5.50E-04,5.50E-04,1.10E-05,5.27E-03,5.27E-03,8.17E-03,8.17E-03,8.26E-05,8.26E-05,8.95E-04,0.000895245
0.135,3.30E-08,4.21E-06,5.10E-05,0.00164739,0.0172461,0.00524705,0.00524705,0.381104,0.381104,0.0795485,0.0795485,0.00876021,0.001128,1.16E-05,4.26E-03,4.26E-03,6.06E-04,6.06E-04,1.25E-05,5.25E-03,5.25E-03,8.50E-03,8.50E-03,8.76E-05,8.76E-05,9.72E-04,0.00097157
0.14,3.96E-08,4.91E-06,5.72E-05,0.00177707,0.0179115,0.0052187,0.0052187,0.3780095,0.3780095,0.0812695,0.0812695,0.00927452,0.00123994,1.31E-05,4.50E-03,4.50E-03,6.66E-04,6.66E-04,1.41E-05,5.22E-03,5.22E-03,8.83E-03,8.83E-03,9.26E-05,9.26E-05,1.05E-03,0.001050505
0.145,4.72E-08,5.69E-06,6.37E-05,0.00191043,0.0185668,0.0051893,0.0051893,0.374974,0.374974,0.082927,0.082927,0.00979459,0.00135784,1.47E-05,4.75E-03,4.75E-03,7.28E-04,7.28E-04,1.58E-05,5.19E-03,5.19E-03,9.15E-03,9.15E-03,9.75E-05,9.75E-05,1.13E-03,0.001131965
0.15,5.58E-08,6.55E-06,7.08E-05,0.00204732,0.0192119,0.0051591,0.0051591,0.3719965,0.3719965,0.084524,0.084524,0.0103199,0.00148172,1.64E-05,5.00E-03,5.00E-03,7.94E-04,7.94E-04,1.76E-05,5.16E-03,5.16E-03,9.46E-03,9.46E-03,1.03E-04,1.03E-04,1.22E-03,0.00121587
0.155,6.56E-08,7.50E-06,7.83E-05,0.00218758,0.0198468,0.0051283,0.0051283,0.3690745,0.3690745,0.086061,0.086061,0.0108498,0.00161159,1.82E-05,5.25E-03,5.25E-03,8.63E-04,8.63E-04,1.96E-05,5.13E-03,5.13E-03,9.77E-03,9.77E-03,1.07E-04,1.07E-04,1.30E-03,0.00130214
0.16,7.67E-08,8.55E-06,8.62E-05,0.00233108,0.0204717,0.00509705,0.00509705,0.366207,0.366207,0.087541,0.087541,0.0113839,0.00174746,2.02E-05,5.51E-03,5.51E-03,9.35E-04,9.35E-04,2.17E-05,5.10E-03,5.10E-03,1.01E-02,1.01E-02,1.12E-04,1.12E-04,1.39E-03,0.00139069
0.165,8.91E-08,9.70E-06,9.46E-05,0.00247765,0.0210866,0.0050656,0.0050656,0.363392,0.363392,0.0889655,0.0889655,0.0119216,0.00188932,2.23E-05,5.76E-03,5.76E-03,1.01E-03,1.01E-03,2.39E-05,5.06E-03,5.06E-03,1.04E-02,1.04E-02,1.17E-04,1.17E-04,1.48E-03,0.001481445
0.17,1.03E-07,1.10E-05,0.000103488,0.00262716,0.0216916,0.005034,0.005034,0.360628,0.360628,0.0903355,0.0903355,0.0124626,0.00203715,2.45E-05,6.02E-03,6.02E-03,1.09E-03,1.09E-03,2.63E-05,5.03E-03,5.03E-03,1.07E-02,1.07E-02,1.22E-04,1.22E-04,1.57E-03,0.001574325
0.175,1.18E-07,1.23E-05,0.000112835,0.00277948,0.0222869,0.00500235,0.00500235,0.357914,0.357914,0.0916535,0.0916535,0.0130064,0.00219096,2.69E-05,6.28E-03,6.28E-03,1.17E-03,1.17E-03,2.88E-05,5.00E-03,5.00E-03,1.10E-02,1.10E-02,1.27E-04,1.27E-04,1.67E-03,0.00166926
0.18,1.35E-07,1.38E-05,0.00012266,0.00293446,0.0228727,0.004970805,0.004970805,0.3552485,0.3552485,0.0929205,0.0929205,0.0135525,0.00235071,2.93E-05,6.54E-03,6.54E-03,1.25E-03,1.25E-03,3.14E-05,4.97E-03,4.97E-03,1.13E-02,1.13E-02,1.32E-04,1.32E-04,1.77E-03,0.001766165
0.185,1.54E-07,1.54E-05,0.000132964,0.00309198,0.0234491,0.00493939,0.00493939,0.3526305,0.3526305,0.094138,0.094138,0.0141005,0.00251638,3.20E-05,6.79E-03,6.79E-03,1.34E-03,1.34E-03,3.42E-05,4.94E-03,4.94E-03,1.15E-02,1.15E-02,1.37E-04,1.37E-04,1.86E-03,0.001864975
0.19,1.75E-07,1.72E-05,0.000143751,0.0032519,0.0240162,0.004908175,0.004908175,0.350058,0.350058,0.095308,0.095308,0.0146501,0.00268793,3.47E-05,7.05E-03,7.05E-03,1.43E-03,1.43E-03,3.71E-05,4.91E-03,4.91E-03,1.18E-02,1.18E-02,1.42E-04,1.42E-04,1.97E-03,0.001965615
0.195,1.98E-07,1.90E-05,0.000155024,0.00341411,0.0245743,0.00487721,0.00487721,0.34753,0.34753,0.096432,0.096432,0.015201,0.00286534,3.76E-05,7.31E-03,7.31E-03,1.52E-03,1.52E-03,4.02E-05,4.88E-03,4.88E-03,1.21E-02,1.21E-02,1.47E-04,1.47E-04,2.07E-03,0.00206801
0.2,2.23E-07,2.10E-05,0.000166783,0.00357848,0.0251235,0.00484653,0.00484653,0.345046,0.345046,0.097511,0.097511,0.0157527,0.00304857,4.07E-05,7.57E-03,7.57E-03,1.62E-03,1.62E-03,4.34E-05,4.84E-03,4.84E-03,1.24E-02,1.24E-02,1.52E-04,1.52E-04,2.17E-03,0.002172095
0.205,2.50E-07,2.32E-05,0.000179029,0.00374491,0.025664,0.004816175,0.004816175,0.342604,0.342604,0.098546,0.098546,0.016305,0.00323756,4.38E-05,7.83E-03,7.83E-03,1.71E-03,1.71E-03,4.67E-05,4.81E-03,4.81E-03,1.26E-02,1.26E-02,1.57E-04,1.57E-04,2.28E-03,0.002277805
0.21,2.80E-07,2.55E-05,0.000191765,0.00391327,0.0261959,0.00478616,0.00478616,0.3402035,0.3402035,0.0995395,0.0995395,0.0168575,0.00343227,4.71E-05,8.09E-03,8.09E-03,1.82E-03,1.82E-03,5.02E-05,4.78E-03,4.78E-03,1.29E-02,1.29E-02,1.61E-04,1.61E-04,2.39E-03,0.002385065
0.215,3.12E-07,2.79E-05,0.00020499,0.00408346,0.0267195,0.004756515,0.004756515,0.337843,0.337843,0.1004915,0.1004915,0.01741,0.00363266,5.06E-05,8.35E-03,8.35E-03,1.92E-03,1.92E-03,5.38E-05,4.75E-03,4.75E-03,1.31E-02,1.31E-02,1.66E-04,1.66E-04,2.49E-03,0.00249382
0.22,3.46E-07,3.06E-05,0.000218705,0.00425537,0.0272349,0.004727245,0.004727245,0.335522,0.335522,0.101404,0.101404,0.0179621,0.00383866,5.42E-05,8.61E-03,8.61E-03,2.03E-03,2.03E-03,5.76E-05,4.72E-03,4.72E-03,1.34E-02,1.34E-02,1.71E-04,1.71E-04,2.60E-03,0.002604
0.225,3.84E-07,3.33E-05,0.000232908,0.00442891,0.0277423,0.004698365,0.004698365,0.333239,0.333239,0.102278,0.102278,0.0185137,0.00405022,5.79E-05,8.87E-03,8.87E-03,2.13E-03,2.13E-03,6.15E-05,4.70E-03,4.70E-03,1.36E-02,1.36E-02,1.76E-04,1.76E-04,2.72E-03,0.00271554
0.23,4.24E-07,3.63E-05,0.000247599,0.00460396,0.0282419,0.004669885,0.004669885,0.330993,0.330993,0.103115,0.103115,0.0190644,0.00426727,6.18E-05,9.13E-03,9.13E-03,2.25E-03,2.25E-03,6.55E-05,4.67E-03,4.67E-03,1.39E-02,1.39E-02,1.80E-04,1.80E-04,2.83E-03,0.00282839
0.235,4.67E-07,3.94E-05,0.000262777,0.00478045,0.0287338,0.004641805,0.004641805,0.3287835,0.3287835,0.103916,0.103916,0.019614,0.00448976,6.58E-05,9.39E-03,9.39E-03,2.36E-03,2.36E-03,6.97E-05,4.64E-03,4.64E-03,1.41E-02,1.41E-02,1.85E-04,1.85E-04,2.94E-03,0.002942485
0.24,5.14E-07,4.27E-05,0.000278442,0.00495827,0.0292182,0.00461413,0.00461413,0.3266095,0.3266095,0.1046815,0.1046815,0.0201623,0.00471762,7.00E-05,9.64E-03,9.64E-03,2.48E-03,2.48E-03,7.41E-05,4.61E-03,4.61E-03,1.44E-02,1.44E-02,1.90E-04,1.90E-04,3.06E-03,0.00305777
0.245,5.63E-07,4.62E-05,0.00029459,0.00513734,0.0296953,0.004586855,0.004586855,0.3244705,0.3244705,0.1054135,0.1054135,0.0207091,0.00495079,7.43E-05,9.90E-03,9.90E-03,2.60E-03,2.60E-03,7.85E-05,4.58E-03,4.58E-03,1.46E-02,1.46E-02,1.95E-04,1.95E-04,3.17E-03,0.003174185
0.25,6.16E-07,4.99E-05,0.00031122,0.00531758,0.0301653,0.00455999,0.00455999,0.3223645,0.3223645,0.106112,0.106112,0.0212542,0.00518918,7.88E-05,1.02E-02,1.02E-02,2.72E-03,2.72E-03,8.32E-05,4.56E-03,4.56E-03,1.48E-02,1.48E-02,1.99E-04,1.99E-04,3.29E-03,0.003291685
0.255,6.73E-07,5.38E-05,0.00032833,0.00549889,0.0306282,0.00453352,0.00453352,0.3202915,0.3202915,0.106779,0.106779,0.0217974,0.00543273,8.33E-05,1.04E-02,1.04E-02,2.84E-03,2.84E-03,8.79E-05,4.53E-03,4.53E-03,1.51E-02,1.51E-02,2.04E-04,2.04E-04,3.41E-03,0.003410205
0.26,7.33E-07,5.78E-05,0.000345918,0.00568121,0.0310843,0.00450745,0.00450745,0.318251,0.318251,0.107415,0.107415,0.0223385,0.00568137,8.81E-05,1.07E-02,1.07E-02,2.97E-03,2.97E-03,9.28E-05,4.50E-03,4.50E-03,1.53E-02,1.53E-02,2.09E-04,2.09E-04,3.53E-03,0.0035297
0.265,7.97E-07,6.21E-05,0.00036398,0.00586444,0.0315336,0.004481775,0.004481775,0.3162415,0.3162415,0.108021,0.108021,0.0228773,0.00593502,9.29E-05,1.09E-02,1.09E-02,3.10E-03,3.10E-03,9.78E-05,4.48E-03,4.48E-03,1.55E-02,1.55E-02,2.13E-04,2.13E-04,3.65E-03,0.00365012
0.27,8.65E-07,6.66E-05,0.000382514,0.00604853,0.0319765,0.004456485,0.004456485,0.3142625,0.3142625,0.108598,0.108598,0.0234137,0.0061936,9.79E-05,1.12E-02,1.12E-02,3.23E-03,3.23E-03,0.00010297,0.00445327,0.00445327,0.01571605,0.01571605,0.000217804,0.000217804,0.003771415,0.003771415
0.275,9.36E-07,7.13E-05,0.000401516,0.00623339,0.0324129,0.00443158,0.00443158,0.3123135,0.3123135,0.109147,0.109147,0.0239476,0.00645704,0.000103088,0.0114013,0.0114013,0.003362585,0.003362585,0.000108262,0.004428315,0.004428315,0.01593215,0.01593215,0.000222425,0.000222425,0.00389354,0.00389354
0.28,1.01E-06,7.62E-05,0.000420984,0.00641897,0.0328431,0.00440705,0.00440705,0.310393,0.310393,0.1096685,0.1096685,0.0244788,0.00672526,0.000108369,0.0116473,0.0116473,0.003498225,0.003498225,0.000113686,0.004403735,0.004403735,0.0161455,0.0161455,0.000227034,0.000227034,0.004016445,0.004016445
0.285,1.09E-06,8.14E-05,0.000440913,0.00660518,0.0332671,0.004382895,0.004382895,0.3085015,0.3085015,0.1101635,0.1101635,0.0250072,0.00699818,0.000113787,0.0118917,0.0118917,0.003636015,0.003636015,0.00011924,0.004379535,0.004379535,0.01635615,0.01635615,0.000231634,0.000231634,0.004140085,0.004140085
0.29,1.18E-06,8.67E-05,0.000461301,0.00679197,0.0336852,0.0043591,0.0043591,0.3066375,0.3066375,0.110633,0.110633,0.0255326,0.00727571,0.000119339,0.01213455,0.01213455,0.00377591,0.00377591,0.000124924,0.0043557,0.0043557,0.0165642,0.0165642,0.000236224,0.000236224,0.00426442,0.00426442
0.295,1.27E-06,9.23E-05,0.000482143,0.00697928,0.0340974,0.00433566,0.00433566,0.304801,0.304801,0.1110775,0.1110775,0.026055,0.00755777,0.000125025,0.01237575,0.01237575,0.003917865,0.003917865,0.000130736,0.00433223,0.00433223,0.01676965,0.01676965,0.000240804,0.000240804,0.00438941,0.00438941
0.3,1.36E-06,9.82E-05,0.000503435,0.00716705,0.0345038,0.00431257,0.00431257,0.3029905,0.3029905,0.111498,0.111498,0.0265742,0.00784429,0.000130843,0.01261525,0.01261525,0.004061835,0.004061835,0.000136673,0.00430911,0.00430911,0.0169726,0.0169726,0.000245375,0.000245375,0.004515005,0.004515005
0.305,1.46E-06,0.000104215,0.000525173,0.00735521,0.0349047,0.004289825,0.004289825,0.301206,0.301206,0.111895,0.111895,0.0270902,0.00813518,0.000136792,0.012853,0.012853,0.004207775,0.004207775,0.000142734,0.00428634,0.00428634,0.01717315,0.01717315,0.000249938,0.000249938,0.00464117,0.00464117
0.31,1.56E-06,0.00011052,0.000547353,0.00754372,0.0353001,0.00426742,0.00426742,0.2994465,0.2994465,0.1122695,0.1122695,0.0276028,0.00843035,0.000142871,0.013089,0.013089,0.004355635,0.004355635,0.000148918,0.00426391,0.00426391,0.01737135,0.01737135,0.000254493,0.000254493,0.004767865,0.004767865
0.315,1.67E-06,0.000117071,0.00056997,0.00773251,0.0356901,0.00424534,0.00424534,0.297712,0.297712,0.1126225,0.1126225,0.028112,0.00872973,0.000149078,0.01332325,0.01332325,0.00450537,0.00450537,0.000155223,0.004241815,0.004241815,0.01756725,0.01756725,0.00025904,0.00025904,0.004895055,0.004895055
0.32,1.78E-06,0.00012387,0.000593021,0.00792155,0.0360749,0.00422358,0.00422358,0.2960015,0.2960015,0.112954,0.112954,0.0286176,0.00903322,0.000155411,0.0135556,0.0135556,0.00465694,0.00465694,0.000161646,0.004220045,0.004220045,0.01776095,0.01776095,0.00026358,0.00026358,0.0050227,0.0050227
0.325,1.90E-06,0.000130921,0.0006165,0.00811078,0.0364545,0.00420214,0.00420214,0.294314,0.294314,0.1132645,0.1132645,0.0291197,0.00934075,0.000161869,0.0137861,0.0137861,0.004810295,0.004810295,0.000168187,0.004198595,0.004198595,0.0179525,0.0179525,0.000268113,0.000268113,0.00515075,0.00515075
0.33,2.02E-06,0.000138228,0.000640403,0.00830015,0.0368292,0.004181005,0.004181005,0.29265,0.29265,0.1135555,0.1135555,0.0296181,0.00965222,0.000168451,0.01401475,0.01401475,0.00496539,0.00496539,0.000174842,0.00417746,0.00417746,0.0181419,0.0181419,0.000272639,0.000272639,0.00527925,0.00527925
0.335,2.15E-06,0.000145794,0.000664725,0.00848961,0.0371989,0.004160175,0.004160175,0.2910085,0.2910085,0.1138275,0.1138275,0.0301128,0.00996756,0.000175155,0.0142415,0.0142415,0.0051222,0.0051222,0.00018161,0.00415663,0.00415663,0.01832925,0.01832925,0.000277159,0.000277159,0.00540805,0.00540805
0.34,2.29E-06,0.000153623,0.000689462,0.00867913,0.0375637,0.00413964,0.00413964,0.289389,0.289389,0.1140805,0.1140805,0.0306037,0.0102867,0.000181978,0.0144663,0.0144663,0.00528065,0.00528065,0.000188489,0.0041361,0.0041361,0.01851465,0.01851465,0.000281673,0.000281673,0.00553715,0.00553715
0.345,2.43E-06,0.000161716,0.000714608,0.00886866,0.0379239,0.004119395,0.004119395,0.2877905,0.2877905,0.1143155,0.1143155,0.0310909,0.0106095,0.00018892,0.0146892,0.0146892,0.0054407,0.0054407,0.000195477,0.004115865,0.004115865,0.0186981,0.0186981,0.000286181,0.000286181,0.0056666,0.0056666
0.35,2.57E-06,0.000170079,0.000740159,0.00905816,0.0382795,0.00409943,0.00409943,0.2862135,0.2862135,0.114533,0.114533,0.0315741,0.0109359,0.000195978,0.0149101,0.0149101,0.0056023,0.0056023,0.000202572,0.00409592,0.00409592,0.01887965,0.01887965,0.000290683,0.000290683,0.00579625,0.00579625
0.355,2.72E-06,0.000178712,0.00076611,0.00924759,0.0386305,0.00407974,0.00407974,0.2846565,0.2846565,0.1147335,0.1147335,0.0320535,0.0112659,0.00020315,0.01512905,0.01512905,0.00576545,0.00576545,0.000209772,0.004076255,0.004076255,0.01905935,0.01905935,0.00029518,0.00029518,0.0059262,0.0059262
0.36,2.88E-06,0.000187621,0.000792455,0.00943691,0.0389771,0.004060325,0.004060325,0.28312,0.28312,0.1149175,0.1149175,0.0325289,0.0115992,0.000210436,0.015346,0.015346,0.00593005,0.00593005,0.000217075,0.004056865,0.004056865,0.01923725,0.01923725,0.000299672,0.000299672,0.0060563,0.0060563
0.365,3.05E-06,0.000196806,0.00081919,0.00962609,0.0393193,0.00404117,0.00404117,0.281603,0.281603,0.1150855,0.1150855,0.0330003,0.011936,0.000217832,0.015561,0.015561,0.0060961,0.0060961,0.000224479,0.004037745,0.004037745,0.01941345,0.01941345,0.000304158,0.000304158,0.00618655,0.00618655
0.37,3.22E-06,0.000206271,0.00084631,0.00981509,0.0396574,0.004022275,0.004022275,0.280105,0.280105,0.115238,0.115238,0.0334678,0.012276,0.000225338,0.01577395,0.01577395,0.00626355,0.00626355,0.000231981,0.004018885,0.004018885,0.0195879,0.0195879,0.00030864,0.00030864,0.006317,0.006317
0.375,3.39E-06,0.000216019,0.000873809,0.0100039,0.0399912,0.00400363,0.00400363,0.278626,0.278626,0.115376,0.115376,0.0339312,0.0126192,0.000232951,0.01598495,0.01598495,0.0064323,0.0064323,0.00023958,0.004000285,0.004000285,0.01976075,0.01976075,0.000313117,0.000313117,0.00644755,0.00644755
0.38,3.57E-06,0.000226051,0.000901682,0.0101924,0.040321,0.003985235,0.003985235,0.277165,0.277165,0.115499,0.115499,0.0343906,0.0129656,0.000240668,0.0161939,0.0161939,0.0066024,0.0066024,0.000247273,0.00398194,0.00398194,0.01993195,0.01993195,0.00031759,0.00031759,0.0065782,0.0065782
0.385,3.76E-06,0.000236372,0.000929925,0.0103807,0.0406467,0.00396708,0.00396708,0.2757225,0.2757225,0.1156085,0.1156085,0.0348459,0.0133149,0.000248489,0.01640085,0.01640085,0.00677375,0.00677375,0.000255059,0.00396384,0.00396384,0.02010165,0.02010165,0.000322058,0.000322058,0.0067089,0.0067089
0.39,3.96E-06,0.000246981,0.000958532,0.0105687,0.0409685,0.003949165,0.003949165,0.274297,0.274297,0.1157045,0.1157045,0.0352971,0.0136672,0.000256412,0.01660585,0.01660585,0.00694635,0.00694635,0.000262935,0.00394598,0.00394598,0.02026975,0.02026975,0.000326521,0.000326521,0.0068397,0.0068397
0.395,4.16E-06,0.000257883,0.000987498,0.0107563,0.0412865,0.003931475,0.003931475,0.272889,0.272889,0.115787,0.115787,0.0357443,0.0140224,0.000264434,0.01680875,0.01680875,0.0071201,0.0071201,0.000270898,0.00392836,0.00392836,0.0204364,0.0204364,0.00033098,0.00033098,0.0069705,0.0069705
0.4,4.37E-06,0.000269079,0.00101682,0.0109436,0.0416007,0.003914015,0.003914015,0.271498,0.271498,0.115857,0.115857,0.0361874,0.0143803,0.000272553,0.0170097,0.0170097,0.007295,0.007295,0.000278948,0.003910965,0.003910965,0.0206016,0.0206016,0.000335435,0.000335435,0.0071013,0.0071013
0.405,4.58E-06,0.000280572,0.00104649,0.0111305,0.0419112,0.003896775,0.003896775,0.270123,0.270123,0.115915,0.115915,0.0366263,0.014741,0.000280767,0.01720865,0.01720865,0.00747105,0.00747105,0.000287082,0.003893805,0.003893805,0.0207654,0.0207654,0.000339886,0.000339886,0.00723205,0.00723205
0.41,4.80E-06,0.000292362,0.0010765,0.011317,0.0422181,0.00387975,0.00387975,0.2687645,0.2687645,0.115961,0.115961,0.0370612,0.0151043,0.000289075,0.0174056,0.0174056,0.0076481,0.0076481,0.000295297,0.00387686,0.00387686,0.0209278,0.0209278,0.000344332,0.000344332,0.0073628,0.0073628
0.415,5.03E-06,0.000304453,0.00110685,0.0115031,0.0425214,0.003862935,0.003862935,0.267422,0.267422,0.115995,0.115995,0.037492,0.0154701,0.000297474,0.0176005,0.0176005,0.00782625,0.00782625,0.000303592,0.003860135,0.003860135,0.0210889,0.0210889,0.000348774,0.000348774,0.0074935,0.0074935
0.42,5.27E-06,0.000316845,0.00113754,0.0116887,0.0428213,0.00384633,0.00384633,0.2660945,0.2660945,0.1160185,0.1160185,0.0379186,0.0158384,0.000305962,0.01779345,0.01779345,0.0080053,0.0080053,0.000311965,0.00384362,0.00384362,0.02124865,0.02124865,0.000353213,0.000353213,0.0076241,0.0076241
0.425,5.51E-06,0.000329542,0.00116855,0.0118738,0.0431177,0.003829925,0.003829925,0.264782,0.264782,0.116031,0.116031,0.0383412,0.0162091,0.000314538,0.01798445,0.01798445,0.00818535,0.00818535,0.000320413,0.003827315,0.003827315,0.02140715,0.02140715,0.000357646,0.000357646,0.0077546,0.0077546
0.43,5.76E-06,0.000342543,0.00119988,0.0120584,0.0434107,0.00381372,0.00381372,0.263485,0.263485,0.1160335,0.1160335,0.0387597,0.0165822,0.000323199,0.0181734,0.0181734,0.00836635,0.00836635,0.000328935,0.003811215,0.003811215,0.0215644,0.0215644,0.000362076,0.000362076,0.007885,0.007885
0.435,6.02E-06,0.000355851,0.00123154,0.0122425,0.0437004,0.003797705,0.003797705,0.262202,0.262202,0.1160255,0.1160255,0.0391741,0.0169574,0.000331943,0.01836045,0.01836045,0.0085482,0.0085482,0.000337528,0.00379531,0.00379531,0.02172045,0.02172045,0.000366502,0.000366502,0.0080153,0.0080153
0.44,6.28E-06,0.000369468,0.0012635,0.0124261,0.0439869,0.003781885,0.003781885,0.2609335,0.2609335,0.116008,0.116008,0.0395845,0.0173349,0.000340769,0.0185455,0.0185455,0.00873085,0.00873085,0.00034619,0.003779605,0.003779605,0.0218753,0.0218753,0.000370923,0.000370923,0.0081454,0.0081454
0.445,6.55E-06,0.000383395,0.00129578,0.0126091,0.0442702,0.003766245,0.003766245,0.2596785,0.2596785,0.115981,0.115981,0.0399908,0.0177144,0.000349674,0.01872865,0.01872865,0.00891435,0.00891435,0.000354919,0.00376409,0.00376409,0.022029,0.022029,0.00037534,0.00037534,0.00827535,0.00827535
0.45,6.83E-06,0.000397632,0.00132836,0.0127915,0.0445504,0.00375079,0.00375079,0.2584375,0.2584375,0.115945,0.115945,0.0403931,0.018096,0.000358657,0.01890985,0.01890985,0.0090986,0.0090986,0.000363714,0.00374876,0.00374876,0.0221816,0.0221816,0.000379753,0.000379753,0.00840515,0.00840515
0.455,7.12E-06,0.000412182,0.00136124,0.0129734,0.0448275,0.00373551,0.00373551,0.25721,0.25721,0.1159,0.1159,0.0407913,0.0184795,0.000367715,0.0190891,0.0190891,0.0092836,0.0092836,0.000372572,0.003733615,0.003733615,0.02233305,0.02233305,0.000384161,0.000384161,0.00853475,0.00853475
0.46,7.41E-06,0.000427045,0.00139441,0.0131547,0.0451015,0.003720405,0.003720405,0.2559955,0.2559955,0.1158465,0.1158465,0.0411856,0.0188649,0.000376847,0.01926645,0.01926645,0.0094693,0.0094693,0.000381491,0.00371865,0.00371865,0.02248345,0.02248345,0.000388565,0.000388565,0.0086641,0.0086641
0.465,7.71E-06,0.000442223,0.00142786,0.0133353,0.0453726,0.003705475,0.003705475,0.2547935,0.2547935,0.115785,0.115785,0.0415759,0.0192522,0.00038605,0.01944195,0.01944195,0.0096557,0.0096557,0.000390469,0.00370386,0.00370386,0.0226328,0.0226328,0.000392964,0.000392964,0.0087933,0.0087933
0.47,8.02E-06,0.000457717,0.00146161,0.0135153,0.0456408,0.003690705,0.003690705,0.2536045,0.2536045,0.115716,0.115716,0.0419622,0.0196411,0.000395322,0.0196155,0.0196155,0.0098427,0.0098427,0.000399505,0.003689245,0.003689245,0.0227811,0.0227811,0.000397359,0.000397359,0.0089222,0.0089222
0.475,8.34E-06,0.000473527,0.00149563,0.0136946,0.0459062,0.003676105,0.003676105,0.252428,0.252428,0.1156385,0.1156385,0.0423445,0.0200318,0.000404662,0.0197872,0.0197872,0.0100303,0.0100303,0.000408597,0.003674795,0.003674795,0.02292845,0.02292845,0.000401749,0.000401749,0.0090509,0.0090509
0.48,8.66E-06,0.000489654,0.00152992,0.0138733,0.0461687,0.00366166,0.00366166,0.251263,0.251263,0.1155545,0.1155545,0.042723,0.020424,0.000414068,0.01995705,0.01995705,0.0102185,0.0102185,0.000417741,0.003660515,0.003660515,0.0230748,0.0230748,0.000406135,0.000406135,0.0091793,0.0091793
0.485,8.99E-06,0.0005061,0.00156448,0.0140513,0.0464284,0.003647375,0.003647375,0.2501105,0.2501105,0.1154625,0.1154625,0.0430976,0.0208178,0.000423538,0.02012505,0.02012505,0.01040725,0.01040725,0.000426938,0.003646395,0.003646395,0.0232202,0.0232202,0.000410516,0.000410516,0.00930745,0.00930745
0.49,9.33E-06,0.000522864,0.00159931,0.0142286,0.0466855,0.00363324,0.00363324,0.2489695,0.2489695,0.115364,0.115364,0.0434683,0.0212131,0.00043307,0.02029125,0.02029125,0.0105965,0.0105965,0.000436184,0.003632435,0.003632435,0.02336465,0.02336465,0.000414891,0.000414891,0.00943535,0.00943535
0.495,9.68E-06,0.000539948,0.0016344,0.0144053,0.0469398,0.00361926,0.00361926,0.24784,0.24784,0.115259,0.115259,0.0438351,0.0216097,0.000442662,0.02045565,0.02045565,0.0107862,0.0107862,0.000445478,0.00361863,0.00361863,0.02350815,0.02350815,0.000419262,0.000419262,0.0095629,0.0095629
0.5,1.00E-05,0.000557353,0.00166975,0.0145812,0.0471915,0.003605425,0.003605425,0.2467215,0.2467215,0.1151475,0.1151475,0.0441982,0.0220078,0.000452312,0.0206182,0.0206182,0.0109764,0.0109764,0.000454819,0.00360498,0.00360498,0.0236508,0.0236508,0.000423628,0.000423628,0.0096902,0.0096902
0.505,1.04E-05,0.000575078,0.00170534,0.0147564,0.0474406,0.003591735,0.003591735,0.245614,0.245614,0.11503,0.11503,0.0445574,0.0224071,0.000462018,0.020779,0.020779,0.011167,0.011167,0.000464203,0.00359148,0.00359148,0.02379255,0.02379255,0.000427988,0.000427988,0.00981715,0.00981715
0.51,1.08E-05,0.000593124,0.00174118,0.0149309,0.0476872,0.00357819,0.00357819,0.2445175,0.2445175,0.114906,0.114906,0.0449129,0.0228076,0.000471779,0.02093805,0.02093805,0.011358,0.011358,0.000473631,0.003578125,0.003578125,0.0239335,0.0239335,0.000432343,0.000432343,0.0099438,0.0099438
0.515,1.11E-05,0.000611491,0.00177726,0.0151046,0.0479313,0.00356478,0.00356478,0.2434315,0.2434315,0.1147765,0.1147765,0.0452647,0.0232093,0.000481592,0.02109535,0.02109535,0.01154935,0.01154935,0.000483099,0.003564915,0.003564915,0.02407355,0.02407355,0.000436693,0.000436693,0.0100701,0.0100701
0.52,1.15E-05,0.000630181,0.00181358,0.0152776,0.0481729,0.003551505,0.003551505,0.242356,0.242356,0.1146415,0.1146415,0.0456128,0.0236122,0.000491457,0.0212509,0.0212509,0.01174105,0.01174105,0.000492606,0.00355185,0.00355185,0.0242128,0.0242128,0.000441037,0.000441037,0.01019605,0.01019605
0.525,1.19E-05,0.000649193,0.00185013,0.0154499,0.048412,0.003538365,0.003538365,0.2412905,0.2412905,0.114501,0.114501,0.0459572,0.024016,0.000501371,0.02140475,0.02140475,0.01193305,0.01193305,0.00050215,0.00353892,0.00353892,0.02435125,0.02435125,0.000445375,0.000445375,0.0103217,0.0103217
0.53,1.23E-05,0.000668527,0.00188692,0.0156214,0.0486488,0.00352536,0.00352536,0.240235,0.240235,0.1143555,0.1143555,0.046298,0.0244209,0.000511332,0.0215569,0.0215569,0.01212535,0.01212535,0.00051173,0.00352613,0.00352613,0.0244889,0.0244889,0.000449708,0.000449708,0.01044695,0.01044695
0.535,1.27E-05,0.000688184,0.00192392,0.0157921,0.0488832,0.00351248,0.00351248,0.23919,0.23919,0.114205,0.114205,0.0466351,0.0248266,0.000521339,0.02170735,0.02170735,0.01231795,0.01231795,0.000521344,0.00351347,0.00351347,0.02462575,0.02462575,0.000454034,0.000454034,0.01057185,0.01057185
0.54,1.32E-05,0.000708164,0.00196115,0.015962,0.0491153,0.003499725,0.003499725,0.238154,0.238154,0.1140495,0.1140495,0.0469687,0.0252333,0.00053139,0.0218562,0.0218562,0.01251075,0.01251075,0.000530991,0.003500945,0.003500945,0.0247619,0.0247619,0.000458355,0.000458355,0.01069635,0.01069635
0.545,1.36E-05,0.000728466,0.00199859,0.0161312,0.0493451,0.003487095,0.003487095,0.2371275,0.2371275,0.1138895,0.1138895,0.0472988,0.0256408,0.000541483,0.02200335,0.02200335,0.01270375,0.01270375,0.000540668,0.00348855,0.00348855,0.02489725,0.02489725,0.000462669,0.000462669,0.0108205,0.0108205
0.55,1.40E-05,0.000749091,0.00203624,0.0162996,0.0495727,0.003474585,0.003474585,0.2361105,0.2361105,0.1137255,0.1137255,0.0476253,0.026049,0.000551617,0.0221489,0.0221489,0.0128969,0.0128969,0.000550375,0.00347628,0.00347628,0.02503195,0.02503195,0.000466978,0.000466978,0.0109443,0.0109443
0.555,1.45E-05,0.000770038,0.00207411,0.0164672,0.0497981,0.003462195,0.003462195,0.235103,0.235103,0.1135565,0.1135565,0.0479484,0.026458,0.00056179,0.02229285,0.02229285,0.01309025,0.01309025,0.000560109,0.00346413,0.00346413,0.02516585,0.02516585,0.000471279,0.000471279,0.01106765,0.01106765
0.56,1.49E-05,0.000791308,0.00211217,0.016634,0.0500212,0.00344992,0.00344992,0.234104,0.234104,0.113384,0.113384,0.0482681,0.0268676,0.000572,0.0224352,0.0224352,0.01328375,0.01328375,0.00056987,0.00345211,0.00345211,0.0252991,0.0252991,0.000475575,0.000475575,0.0111906,0.0111906
0.565,1.54E-05,0.0008129,0.00215044,0.0168,0.0502422,0.003437765,0.003437765,0.2331145,0.2331145,0.113207,0.113207,0.0485843,0.0272778,0.000582246,0.02257595,0.02257595,0.01347735,0.01347735,0.000579655,0.003440205,0.003440205,0.02543165,0.02543165,0.000479863,0.000479863,0.0113132,0.0113132
0.57,1.58E-05,0.000834815,0.0021889,0.0169652,0.0504611,0.00342572,0.00342572,0.232133,0.232133,0.1130265,0.1130265,0.0488972,0.0276886,0.000592526,0.0227152,0.0227152,0.01367105,0.01367105,0.000589463,0.00342842,0.00342842,0.0255635,0.0255635,0.000484145,0.000484145,0.01143535,0.01143535
0.575,1.63E-05,0.000857051,0.00222755,0.0171296,0.0506779,0.003413785,0.003413785,0.2311605,0.2311605,0.1128425,0.1128425,0.0492067,0.0280999,0.000602839,0.02285285,0.02285285,0.01386485,0.01386485,0.000599293,0.003416745,0.003416745,0.0256947,0.0256947,0.00048842,0.00048842,0.0115571,0.0115571
0.58,1.68E-05,0.000879609,0.00226639,0.0172932,0.0508927,0.003401955,0.003401955,0.2301965,0.2301965,0.1126545,0.1126545,0.0495129,0.0285117,0.000613183,0.022989,0.022989,0.01405865,0.01405865,0.000609143,0.00340519,0.00340519,0.0258253,0.0258253,0.000492688,0.000492688,0.01167845,0.01167845
0.585,1.73E-05,0.000902487,0.00230542,0.0174559,0.0511054,0.003390235,0.003390235,0.2292405,0.2292405,0.1124635,0.1124635,0.0498159,0.0289239,0.000623557,0.0231237,0.0231237,0.0142525,0.0142525,0.000619012,0.003393745,0.003393745,0.0259552,0.0259552,0.000496948,0.000496948,0.01179935,0.01179935
0.59,1.78E-05,0.000925687,0.00234462,0.0176179,0.0513161,0.00337862,0.00337862,0.2282925,0.2282925,0.112269,0.112269,0.0501156,0.0293364,0.000633958,0.02325685,0.02325685,0.01444635,0.01444635,0.000628898,0.00338241,0.00338241,0.02608445,0.02608445,0.0005012,0.0005012,0.0119198,0.0119198
0.595,1.83E-05,0.000949207,0.00238401,0.017779,0.0515248,0.003367105,0.003367105,0.227353,0.227353,0.1120715,0.1120715,0.0504121,0.0297493,0.000644386,0.02338855,0.02338855,0.0146402,0.0146402,0.000638801,0.00337118,0.00337118,0.02621315,0.02621315,0.000505445,0.000505445,0.01203985,0.01203985
0.6,1.88E-05,0.000973046,0.00242356,0.0179393,0.0517316,0.003355695,0.003355695,0.226421,0.226421,0.1118715,0.1118715,0.0507055,0.0301624,0.00065484,0.0235188,0.0235188,0.014834,0.014834,0.000648718,0.00336006,0.00336006,0.0263412,0.0263412,0.000509685,0.000509685,0.0121595,0.0121595
0.605,1.94E-05,0.000997205,0.00246329,0.0180988,0.0519365,0.00334438,0.00334438,0.225497,0.225497,0.111668,0.111668,0.0509957,0.0305758,0.000665317,0.02364765,0.02364765,0.01502775,0.01502775,0.000658649,0.00334904,0.00334904,0.02646865,0.02646865,0.000513915,0.000513915,0.01227865,0.01227865
0.61,1.99E-05,0.00102168,0.00250318,0.0182574,0.0521394,0.003333165,0.003333165,0.22458,0.22458,0.111462,0.111462,0.0512828,0.0309893,0.000675816,0.02377505,0.02377505,0.0152214,0.0152214,0.000668592,0.003338125,0.003338125,0.0265955,0.0265955,0.00051814,0.00051814,0.0123974,0.0123974
0.615,2.04E-05,0.00104648,0.00254324,0.0184153,0.0523405,0.00332205,0.00332205,0.223671,0.223671,0.111253,0.111253,0.0515669,0.031403,0.000686336,0.02390105,0.02390105,0.015415,0.015415,0.000678545,0.00332731,0.00332731,0.0267218,0.0267218,0.000522355,0.000522355,0.01251565,0.01251565
0.62,2.10E-05,0.00107159,0.00258345,0.0185723,0.0525398,0.00331102,0.00331102,0.2227695,0.2227695,0.111042,0.111042,0.0518479,0.0318169,0.000696876,0.0240257,0.0240257,0.0156085,0.0156085,0.000688509,0.003316595,0.003316595,0.0268475,0.0268475,0.00052656,0.00052656,0.0126335,0.0126335
0.625,2.15E-05,0.00109702,0.00262382,0.0187284,0.0527372,0.00330009,0.00330009,0.221875,0.221875,0.1108285,0.1108285,0.0521259,0.0322307,0.000707434,0.024149,0.024149,0.01580185,0.01580185,0.000698481,0.00330598,0.00330598,0.02697265,0.02697265,0.00053076,0.00053076,0.0127509,0.0127509
0.63,2.21E-05,0.00112276,0.00266435,0.0188838,0.0529328,0.00328925,0.00328925,0.220988,0.220988,0.1106125,0.1106125,0.052401,0.0326446,0.000718009,0.0242709,0.0242709,0.01599505,0.01599505,0.00070846,0.003295455,0.003295455,0.0270972,0.0270972,0.00053495,0.00053495,0.0128678,0.0128678
0.635,2.27E-05,0.00114882,0.00270502,0.0190382,0.0531267,0.003278495,0.003278495,0.2201075,0.2201075,0.1103945,0.1103945,0.0526732,0.0330585,0.0007286,0.0243915,0.0243915,0.0161881,0.0161881,0.000718446,0.003285025,0.003285025,0.02722125,0.02722125,0.00053913,0.00053913,0.0129843,0.0129843
0.64,2.33E-05,0.0011752,0.00274584,0.0191919,0.0533188,0.00326783,0.00326783,0.2192345,0.2192345,0.110174,0.110174,0.0529424,0.0334723,0.000739205,0.0245108,0.0245108,0.016381,0.016381,0.000728436,0.00327469,0.00327469,0.02734475,0.02734475,0.000543305,0.000543305,0.0131003,0.0131003
0.645,2.39E-05,0.00120189,0.0027868,0.0193447,0.0535091,0.003257255,0.003257255,0.218368,0.218368,0.109952,0.109952,0.0532089,0.033886,0.000749823,0.02462875,0.02462875,0.0165737,0.0165737,0.00073843,0.003264445,0.003264445,0.02746775,0.02746775,0.00054747,0.00054747,0.01321585,0.01321585
0.65,2.45E-05,0.00122889,0.0028279,0.0194967,0.0536978,0.00324676,0.00324676,0.2175085,0.2175085,0.109728,0.109728,0.0534724,0.0342996,0.000760453,0.0247455,0.0247455,0.01676615,0.01676615,0.000748427,0.00325429,0.00325429,0.0275902,0.0275902,0.000551625,0.000551625,0.01333095,0.01333095
0.655,2.51E-05,0.0012562,0.00286914,0.0196479,0.0538847,0.003236355,0.003236355,0.216655,0.216655,0.109502,0.109502,0.0537332,0.0347131,0.000771094,0.02486095,0.02486095,0.01695845,0.01695845,0.000758426,0.003244225,0.003244225,0.0277121,0.0277121,0.00055577,0.00055577,0.0134456,0.0134456
0.66,2.57E-05,0.00128382,0.00291051,0.0197982,0.05407,0.003226025,0.003226025,0.2158085,0.2158085,0.1092745,0.1092745,0.0539913,0.0351263,0.000781744,0.02497515,0.02497515,0.01715045,0.01715045,0.000768425,0.003234245,0.003234245,0.02783355,0.02783355,0.00055991,0.00055991,0.01355975,0.01355975
0.665,2.63E-05,0.00131175,0.00295202,0.0199477,0.0542537,0.00321578,0.00321578,0.2149685,0.2149685,0.109045,0.109045,0.0542466,0.0355393,0.000792402,0.0250881,0.0250881,0.0173422,0.0173422,0.000778424,0.003224355,0.003224355,0.02795445,0.02795445,0.000564035,0.000564035,0.01367345,0.01367345
0.67,2.69E-05,0.00133999,0.00299365,0.0200964,0.0544357,0.003205615,0.003205615,0.214135,0.214135,0.108814,0.108814,0.0544992,0.0359521,0.000803067,0.02519985,0.02519985,0.0175337,0.0175337,0.000788421,0.003214545,0.003214545,0.02807485,0.02807485,0.000568155,0.000568155,0.01378665,0.01378665
0.675,2.76E-05,0.00136854,0.0030354,0.0202442,0.0546161,0.00319553,0.00319553,0.2133075,0.2133075,0.108582,0.108582,0.0547492,0.0363645,0.000813739,0.0253104,0.0253104,0.01772495,0.01772495,0.000798416,0.003204815,0.003204815,0.02819475,0.02819475,0.000572265,0.000572265,0.01389945,0.01389945
0.68,2.82E-05,0.00139739,0.00307728,0.0203912,0.0547949,0.00318552,0.00318552,0.212486,0.212486,0.108348,0.108348,0.0549965,0.0367766,0.000824415,0.0254198,0.0254198,0.01791585,0.01791585,0.000808408,0.00319517,0.00319517,0.0283142,0.0283142,0.000576365,0.000576365,0.0140117,0.0140117
0.685,2.89E-05,0.00142655,0.00311928,0.0205374,0.0549721,0.00317559,0.00317559,0.2116705,0.2116705,0.108113,0.108113,0.0552412,0.0371883,0.000835096,0.025528,0.025528,0.0181065,0.0181065,0.000818395,0.003185605,0.003185605,0.02843315,0.02843315,0.000580455,0.000580455,0.01412355,0.01412355
0.69,2.96E-05,0.00145602,0.00316139,0.0206827,0.0551478,0.00316573,0.00316573,0.2108615,0.2108615,0.1078765,0.1078765,0.0554834,0.0375996,0.000845779,0.02563505,0.02563505,0.0182968,0.0182968,0.000828377,0.00317612,0.00317612,0.0285516,0.0285516,0.00058454,0.00058454,0.01423485,0.01423485
0.695,3.02E-05,0.00148578,0.00320362,0.0208272,0.055322,0.003155945,0.003155945,0.210058,0.210058,0.107639,0.107639,0.0557231,0.0380105,0.000856463,0.025741,0.025741,0.01848675,0.01848675,0.000838353,0.003166715,0.003166715,0.02866965,0.02866965,0.00058861,0.00058861,0.01434575,0.01434575
0.7,3.09E-05,0.00151585,0.00324596,0.0209709,0.0554946,0.003146235,0.003146235,0.2092605,0.2092605,0.1074005,0.1074005,0.0559602,0.038421,0.000867149,0.0258458,0.0258458,0.0186764,0.0186764,0.000848322,0.003157385,0.003157385,0.02878715,0.02878715,0.00059267,0.00059267,0.01445615,0.01445615
0.705,3.16E-05,0.00154622,0.00328841,0.0211137,0.0556657,0.003136595,0.003136595,0.2084685,0.2084685,0.107161,0.107161,0.0561949,0.0388309,0.000877834,0.0259495,0.0259495,0.01886565,0.01886565,0.000858283,0.00314813,0.00314813,0.02890425,0.02890425,0.000596725,0.000596725,0.01456605,0.01456605
